0.8249753289743754
0.8191336028270023
0.81385887109906
0.8088968179113988
0.8041620147938215
0.7996072274145256
0.7952017990303419
0.7909240032147804
0.7867575456817659
0.782689709865573
0.7787102726927879
0.774810824354353
0.7709843181125564
0.7672247595617903
0.7635269847313174
0.759886497117021
0.7562993451322508
0.7527620280772369
0.7492714227236232
0.745824725116945
0.7424194038210585
0.7390531619060314
0.7357239057144501
0.7324297189510196
0.7291688410016148
0.7259396486482912
0.7227406405372887
0.7195704238984394
0.7164277031206454
0.7133112698688847
0.710219994490309
0.7071528185051772
0.7041087480161634
0.7010868478993703
0.6980862366641684
0.6951060818880266
0.6921455961479062
0.6892040333822982
0.6862806856282451
0.6833748800861039
0.6804859764717803
0.6776133646219678
0.6747564623227684
0.6719147133361343
0.6690875856020029
0.6662745695969001
0.6634751768322473
0.6606889384777286
0.6579154040968489
0.6551541404833974
0.6524047305888312
0.6496667725317704
0.6469398786817897
0.6442236748105539
0.6415177993041254
0.6388219024308963
0.6361356456602372
0.6334587010274011
0.6307907505407218
0.6281314856275118
0.6254806066154526
0.6228378222465221
0.62020284922085
0.6175754117680903
0.6149552412441315
0.6123420757511813
0.6097356597794041
0.6071357438684686
0.6045420842875222
0.6019544427321692
0.5993725860372425
0.5967962859041602
0.5942253186418274
0.5916594649200899
0.5890985095348551
0.5865422411839631
0.5839904522531754
0.5814429386113709
0.5788994994144936
0.576359936917413
0.5738240562933186
0.5712916654599525
0.568762574912256
0.5662365975609802
0.5637135485766507
0.5611932452387691
0.5586755067894273
0.5561601542916748
0.5536470104911189
0.5511358996818103
0.5486266475750483
0.5461190811711845
0.5436130286344678
0.5411083191695525
0.5386047829008476
0.5361022507538564
0.5336005543363171
0.5310995258296316
0.528598997851077
0.5260988033260219
0.523598775598299
0.5210987477621529
0.5185985533462372
0.5160980253713205
0.513596996859178
0.511095300443003
0.5085927682957845
0.5060892320271932
0.5035845225621074
0.5010784700253907
0.4985709036215269
0.4960616515147649
0.49355054070548476
0.49103739690491466
0.48852204440714786
0.4860043059578345
0.48348400261994584
0.4809609536356163
0.4784349762843263
0.4759058857366476
0.47337349490327796
0.4708376142791906
0.4682980517821065
0.4657546125852292
0.4632070989434247
0.4606553100126316
0.4580990416617432
0.45553808627650483
0.45297223255476915
0.45040126529243807
0.4478249651593522
0.4452431084644273
0.4426554669090752
0.44006180732812794
0.43746189141719327
0.43485547544541614
0.43224230995246415
0.42962213942850713
0.4269947019757465
0.42435972895007534
0.42171694458114484
0.41906606556908566
0.4164068006558761
0.4137388501691954
0.4110619055363598
0.4083756487657011
0.4056797518924722
0.40297387638604354
0.4002576725148077
0.3975307786648268
0.39479282060776644
0.39204341071320026
0.3892821470997485
0.38650861271886905
0.3837223743643501
0.3809229815996974
0.3781099655945944
0.375282837860463
0.3724410888738289
0.36958418657462944
0.36671157472481697
0.36382267111049316
0.36091686556835245
0.35799351781429933
0.355051955048691
0.3520914693085705
0.34911131453242916
0.34611070329722693
0.34308880318043394
0.34004473269142044
0.33697755670628865
0.33388628132771253
0.3307698480759522
0.327627127298158
0.3244569106593086
0.321257902548306
0.3180287101949823
0.3147678322455776
0.3114736454821472
0.30814438929056587
0.3047781473755388
0.30137282607965227
0.297926128472974
0.2944355231193602
0.29089820606434624
0.2873110540795762
0.28367056646527977
0.279972791634807
0.27621323308404055
0.2723867268422443
0.2684872785038093
0.2645078413310242
0.26044000551483126
0.2562735479818168
0.25199575216625514
0.24759032378207152
0.24303553640277534
0.23830073328519816
0.23333868009753722
0.22806394836959484
