0.8249753289743754
0.8243371962318983
0.8237212848782826
0.8231190519216391
0.8225274760042349
0.8219448235684708
0.8213699328273338
0.8208019563637108
0.8202402416566632
0.8196842668722197
0.8191336028270023
0.8185878888222105
0.8180468164540318
0.8175101183063942
0.8169775597834755
0.8164489330439872
0.8159240523900421
0.8154027506913892
0.8148848765645497
0.8143702921139402
0.81385887109906
0.8133504974299229
0.8128450639190054
0.8123424712362408
0.8118426270265919
0.8113454451591674
0.8108508450837699
0.8103587512759722
0.8098690927556969
0.8093818026672928
0.8088968179113988
0.8084140788207055
0.8079335288731228
0.8074551144370197
0.8069787845440808
0.8065044906860708
0.806032186632378
0.805561828265698
0.8050933734336192
0.8046267818141879
0.8041620147938215
0.803699035356155
0.8032378079805951
0.8027782985495362
0.8023204742633065
0.8018643035620447
0.801409756053802
0.8009568024482501
0.8005054144954509
0.8000555649292003
0.7996072274145256
0.7991603764989497
0.7987149875671893
0.7982710367989821
0.7978285011297714
0.7973873582140089
0.7969475863908544
0.7965091646520805
0.7960720726119984
0.7956362904792544
0.7952017990303419
0.794768579584705
0.7943366139813107
0.793905884556583
0.7934763741235966
0.7930480659524457
0.7926209437516969
0.7921949916508593
0.7917701941837951
0.7913465362730128
0.7909240032147804
0.790502580665005
0.790082254625833
0.7896630114329218
0.7892448377433384
0.7888277205240541
0.788411647040988
0.7879966048485754
0.7875825817798261
0.787169565936841
0.7867575456817659
0.7863465096281526
0.7859364466327073
0.7855273457874037
0.7851191964119373
0.7847119880465097
0.7843057104449174
0.7839003535679308
0.7834959075769554
0.7830923628279456
0.782689709865573
0.7822879394176274
0.7818870423896411
0.7814870098597264
0.7810878330736135
0.7806895034398796
0.7802920125253648
0.7798953520507539
0.7794995138863312
0.7791044900478893
0.7787102726927879
0.7783168541161571
0.7779242267472375
0.77753238314585
0.7771413159989924
0.7767510181175523
0.7763614824331344
0.7759727019950025
0.7755846699671156
0.7751973796252734
0.774810824354353
0.7744249976456352
0.7740398930942252
0.7736555043965488
0.7732718253479394
0.7728888498402906
0.7725065718597959
0.7721249854847485
0.7717440848834182
0.7713638643119878
0.7709843181125564
0.7706054407112046
0.7702272266161134
0.7698496704157445
0.7694727667770715
0.769096510443865
0.7687208962350285
0.7683459190429787
0.767971573832078
0.7675978556371088
0.7672247595617903
0.7668522807773391
0.7664804145210709
0.7661091560950362
0.7657385008647009
0.7653684442576548
0.764998981762364
0.7646301089269488
0.7642618213579999
0.7638941147194234
0.7635269847313174
0.7631604271688786
0.7627944378613345
0.7624290126909082
0.762064147591804
0.7616998385492243
0.7613360815984067
0.7609728728236907
0.7606102083576014
0.760248084379961
0.759886497117021
0.7595254428406144
0.7591649178673291
0.7588049185577028
0.7584454413154351
0.7580864825866211
0.7577280388589986
0.7573701066612196
0.7570126825621333
0.756655763170088
0.7562993451322508
0.7559434251339396
0.7555879998979728
0.755233066184033
0.7548786207880466
0.7545246605415736
0.7541711823112168
0.7538181829980365
0.7534656595369873
0.7531136088963599
0.7527620280772369
0.7524109141129643
0.7520602640686287
0.7517100750405492
0.7513603441557808
0.7510110685716244
0.7506622454751526
0.7503138720827398
0.749965945639608
0.7496184634193763
0.7492714227236232
0.748924820881459
0.7485786552491025
0.7482329232094698
0.7478876221717718
0.7475427495711164
0.747198302868123
0.7468542795485409
0.7465106771228777
0.7461674931260337
0.745824725116945
0.7454823706782314
0.7451404274158538
0.7447988929587747
0.744457764958629
0.7441170410893994
0.7437767190470963
0.7434367965494475
0.7430972713355917
0.7427581411657747
0.7424194038210585
0.742081057103029
0.7417430988335123
0.7414055268542965
0.7410683390268576
0.7407315332320887
0.740395107370039
0.7400590593596529
0.7397233871385147
0.7393880886626008
0.7390531619060314
0.7387186048608325
0.7383844155366965
0.7380505919607498
0.737717132177325
0.7373840342477351
0.7370512962500542
0.7367189162788988
0.7363868924452164
0.7360552228760727
0.7357239057144501
0.7353929391190412
0.7350623212640521
0.7347320503390051
0.7344021245485469
0.7340725421122603
0.7337433012644753
0.7334144002540892
0.7330858373443844
0.7327576108128525
0.7324297189510196
0.7321021600642745
0.7317749324717018
0.7314480345059129
0.7311214645128862
0.7307952208518047
0.7304693018948984
0.7301437060272876
0.7298184316468325
0.7294934771639797
0.7291688410016148
0.7288445215949184
0.7285205173912194
0.7281968268498543
0.7278734484420298
0.7275503806506828
0.7272276219703478
0.7269051709070218
0.7265830259780355
0.7262611857119221
0.7259396486482912
0.7256184133377046
0.7252974783415509
0.7249768422319259
0.7246565035915128
0.724336461013462
0.7240167131012786
0.7236972584687047
0.7233780957396094
0.7230592235478748
0.7227406405372887
0.722422345361436
0.7221043366835922
0.7217866131766181
0.7214691735228574
0.7211520164140353
0.7208351405511549
0.7205185446444016
0.7202022274130452
0.7198861875853418
0.7195704238984394
0.7192549350982852
0.7189397199395331
0.7186247771854526
0.718310105607838
0.7179957039869218
0.7176815711112859
0.7173677057777766
0.7170541067914179
0.7167407729653303
0.7164277031206454
0.716114896086426
0.7158023506995864
0.7154900658048104
0.7151780402544761
0.7148662729085753
0.7145547626346408
0.7142435083076676
0.7139325088100421
0.7136217630314661
0.7133112698688847
0.7130010282264185
0.712691037015287
0.7123812951537448
0.7120718015670097
0.7117625551871953
0.7114535549532451
0.7111447998108661
0.710836288712463
0.7105280206170744
0.710219994490309
0.7099122093042823
0.7096046640375572
0.7092973576750782
0.7089902892081157
0.7086834576342028
0.7083768619570782
0.7080705011866275
0.7077643743388259
0.7074584804356812
0.7071528185051772
0.7068473875812193
0.706542186703579
0.706237214917841
0.705932471275347
0.7056279548331466
0.7053236646539423
0.7050195998060396
0.7047157593632947
0.7044121424050662
0.7041087480161634
0.7038055752867982
0.7035026233125362
0.7031998911942494
0.702897378038068
0.7025950829553338
0.7022930050625543
0.7019911434813566
0.7016894973384415
0.7013880657655406
0.7010868478993703
0.7007858428815887
0.7004850498587535
0.7001844679822774
0.6998840964083871
0.6995839342980815
0.6992839808170901
0.6989842351358327
0.6986846964293788
0.6983853638774075
0.6980862366641684
0.6977873139784422
0.6974885950135028
0.6971900789670791
0.6968917650413167
0.6965936524427412
0.6962957403822205
0.6959980280749298
0.6957005147403142
0.6954031996020533
0.6951060818880266
0.6948091608302781
0.6945124356649813
0.6942159056324055
0.6939195699768829
0.6936234279467735
0.6933274787944333
0.6930317217761812
0.6927361561522665
0.6924407811868365
0.6921455961479062
0.6918506003073256
0.6915557929407493
0.6912611733276051
0.6909667407510655
0.690672494498015
0.6903784338590229
0.6900845581283116
0.6897908666037297
0.689497358586721
0.6892040333822982
0.6889108902990124
0.6886179286489268
0.6883251477475895
0.6880325469140035
0.6877401254706027
0.6874478827432223
0.6871558180610752
0.6868639307567228
0.6865722201660516
0.6862806856282451
0.68598932648576
0.6856981420843005
0.6854071317727927
0.685116294903361
0.6848256308313028
0.6845351389150639
0.684244818516216
0.6839546689994307
0.6836646897324589
0.6833748800861039
0.6830852394342026
0.6827957671535978
0.6825064626241196
0.6822173252285617
0.6819283543526575
0.6816395493850611
0.6813509097173229
0.6810624347438707
0.6807741238619849
0.6804859764717803
0.6801979919761845
0.6799101697809158
0.6796225092944645
0.6793350099280708
0.679047671095707
0.6787604922140542
0.6784734727024859
0.6781866119830464
0.6778999094804303
0.6776133646219678
0.6773269768376009
0.6770407455598655
0.6767546702238758
0.676468750267301
0.6761829851303516
0.6758973742557575
0.6756119170887516
0.675326613077053
0.6750414616708469
0.6747564623227684
0.6744716144878862
0.6741869176236828
0.67390237119004
0.6736179746492201
0.6733337274658504
0.6730496291069052
0.672765679041692
0.6724818767418315
0.6721982216812443
0.6719147133361343
0.6716313511849721
0.6713481347084789
0.6710650633896136
0.6707821367135536
0.670499354167682
0.6702167152415717
0.66993421942697
0.6696518662177848
0.6693696551100681
0.6690875856020029
0.6688056571938881
0.6685238693881237
0.6682422216891963
0.6679607136036672
0.6676793446401545
0.6673981143093237
0.6671170221238687
0.6668360675985032
0.6665552502499448
0.6662745695969001
0.6659940251600538
0.6657136164620554
0.6654333430275039
0.6651532043829369
0.6648732000568163
0.6645933295795172
0.6643135924833139
0.6640339883023667
0.6637545165727121
0.6634751768322473
0.66319596862072
0.6629168914797154
0.6626379449526449
0.6623591285847323
0.6620804419230053
0.6618018845162792
0.6615234559151504
0.6612451556719801
0.6609669833408853
0.6606889384777286
0.6604110206401026
0.6601332293873239
0.6598555642804178
0.6595780248821108
0.6593006107568156
0.6590233214706247
0.6587461565912958
0.6584691156882438
0.6581921983325296
0.6579154040968489
0.6576387325555206
0.6573621832844807
0.657085755861267
0.6568094498650128
0.656533264876435
0.6562572004778249
0.6559812562530358
0.6557054317874771
0.6554297266681015
0.6551541404833974
0.6548786728233773
0.6546033232795694
0.6543280914450087
0.654052976914226
0.6537779792832379
0.6535030981495435
0.6532283331121058
0.6529536837713503
0.6526791497291533
0.6524047305888312
0.6521304259551342
0.6518562354342372
0.6515821586337285
0.6513081951626056
0.6510343446312603
0.6507606066514764
0.6504869808364191
0.6502134668006221
0.649940064159988
0.6496667725317704
0.6493935915345745
0.6491205207883408
0.6488475599143444
0.648574708535181
0.6483019662747622
0.6480293327583064
0.6477568076123317
0.6474843904646463
0.6472120809443427
0.6469398786817897
0.6466677833086232
0.6463957944577401
0.6461239117632909
0.6458521348606707
0.6455804633865121
0.6453088969786802
0.6450374352762607
0.6447660779195581
0.6444948245500854
0.6442236748105539
0.6439526283448744
0.6436816847981399
0.6434108438166284
0.6431401050477881
0.6428694681402356
0.6425989327437454
0.6423284985092459
0.642058165088812
0.6417879321356565
0.6415177993041254
0.6412477662496903
0.6409778326289421
0.6407079980995856
0.6404382623204321
0.6401686249513894
0.6398990856534628
0.6396296440887417
0.6393602999203991
0.6390910528126788
0.6388219024308963
0.6385528484414267
0.6382838905117034
0.6380150283102068
0.6377462615064631
0.6374775897710356
0.6372090127755192
0.6369405301925335
0.6366721416957213
0.6364038469597344
0.6361356456602372
0.6358675374738954
0.6355995220783694
0.6353315991523134
0.6350637683753648
0.634796029428141
0.6345283819922347
0.6342608257502058
0.6339933603855785
0.6337259855828323
0.6334587010274011
0.6331915064056659
0.6329244014049458
0.6326573857134989
0.6323904590205123
0.632123621016099
0.6318568713912924
0.6315902098380426
0.6313236360492054
0.631057149718544
0.6307907505407218
0.6305244382112942
0.6302582124267087
0.6299920728842965
0.6297260192822676
0.6294600513197066
0.6291941686965696
0.6289283711136737
0.6286626582727011
0.6283970298761856
0.6281314856275118
0.6278660252309112
0.6276006483914554
0.6273353548150524
0.6270701442084419
0.6268050162791905
0.6265399707356853
0.6262750072871355
0.6260101256435604
0.6257453255157892
0.6254806066154526
0.625215968654985
0.6249514113476153
0.6246869344073605
0.624422537549028
0.624158220488205
0.623893982941258
0.6236298246253242
0.6233657452583148
0.6231017445589022
0.6228378222465221
0.6225739780413644
0.6223102116643751
0.6220465228372456
0.6217829112824136
0.6215193767230538
0.6212559188830808
0.6209925374871381
0.6207292322606026
0.6204660029295663
0.62020284922085
0.6199397708619871
0.6196767675812209
0.6194138391075077
0.6191509851705055
0.6188882055005713
0.6186254998287666
0.6183628678868347
0.6181003094072137
0.6178378241230318
0.6175754117680903
0.6173130720768736
0.6170508047845393
0.616788609626914
0.6165264863404962
0.6162644346624386
0.6160024543305651
0.6157405450833453
0.6154787066599088
0.6152169388000308
0.6149552412441315
0.6146936137332757
0.6144320560091616
0.6141705678141287
0.6139091488911443
0.6136477989838038
0.6133865178363296
0.6131253051935621
0.6128641608009646
0.6126030844046086
0.6123420757511813
0.612081134587978
0.6118202606628937
0.6115594537244338
0.6112987135216938
0.6110380398043649
0.6107774323227337
0.6105168908276735
0.6102564150706398
0.6099960048036772
0.6097356597794041
0.6094753797510126
0.6092151644722721
0.6089550136975213
0.6086949271816628
0.6084349046801627
0.6081749459490515
0.6079150507449107
0.6076552188248812
0.6073954499466563
0.6071357438684686
0.6068761003491066
0.6066165191478978
0.6063570000247038
0.6060975427399322
0.6058381470545129
0.6055788127299193
0.605319539528141
0.6050603272117021
0.6048011755436429
0.6045420842875222
0.6042830532074186
0.6040240820679248
0.6037651706341425
0.6035063186716805
0.6032475259466556
0.6029887922256885
0.6027301172758914
0.6024715008648851
0.6022129427607767
0.6019544427321692
0.6016960005481513
0.6014376159783028
0.6011792887926832
0.6009210187618335
0.600662805656774
0.6004046492490049
0.6001465493104909
0.5998885056136771
0.5996305179314696
0.5993725860372425
0.5991147097048355
0.5988568887085464
0.598599122823126
0.5983414118237924
0.598083755486206
0.5978261535864817
0.597568605901186
0.5973111122073274
0.5970536722823532
0.5967962859041602
0.5965389528510787
0.5962816729018723
0.5960244458357469
0.595767271432333
0.5955101494716857
0.595253079734297
0.5949960620010746
0.5947390960533507
0.5944821816728787
0.5942253186418274
0.5939685067427778
0.5937117457587267
0.5934550354730828
0.5931983756696546
0.5929417661326664
0.5926852066467401
0.5924286969968993
0.5921722369685671
0.5919158263475595
0.5916594649200899
0.5914031524727719
0.5911468887925952
0.5908906736669461
0.5906345068835943
0.5903783882306897
0.5901223174967711
0.5898662944707507
0.5896103189419168
0.5893543906999401
0.5890985095348551
0.5888426752370677
0.5885868875973639
0.5883311464068868
0.58807545145714
0.587819802539995
0.5875641994476943
0.5873086419728111
0.5870531299083055
0.5867976630474736
0.5865422411839631
0.5862868641117807
0.5860315316252827
0.5857762435191578
0.5855209995884572
0.585265799628548
0.5850106434351687
0.5847555308043741
0.5845004615325706
0.5842454354164772
0.5839904522531754
0.5837355118400467
0.5834806139748245
0.5832257584555514
0.5829709450806178
0.5827161736487021
0.582461443958838
0.5822067558103612
0.5819521090029234
0.5816975033364962
0.5814429386113709
0.5811884146281372
0.5809339311877011
0.5806794880912811
0.5804250851403943
0.5801707221368666
0.5799163988828155
0.5796621151806853
0.5794078708331831
0.5791536656433536
0.5788994994144936
0.5786453719502269
0.5783912830544509
0.5781372325313683
0.5778832201854485
0.5776292458214769
0.577375309244502
0.5771214102598421
0.5768675486731354
0.5766137242902616
0.576359936917413
0.5761061863610273
0.5758524724278331
0.5755987949248258
0.5753451536592777
0.5750915484387136
0.5748379790709599
0.5745844453640743
0.5743309471263984
0.5740774841665264
0.5738240562933186
0.5735706633158877
0.57331730504362
0.5730639812861362
0.5728106918533342
0.5725574365553392
0.5723042152025535
0.5720510276056103
0.5717978735754023
0.5715447529230531
0.5712916654599525
0.5710386109977037
0.5707855893482048
0.5705326003235243
0.5702796437360078
0.5700267193982427
0.5697738271230435
0.5695209667234522
0.5692681380127453
0.5690153408044409
0.568762574912256
0.5685098401501847
0.5682571363324058
0.5680044632733399
0.5677518207876062
0.5674992086900801
0.5672466267958427
0.5669940749202027
0.5667415528786535
0.5664890604869299
0.5662365975609802
0.5659841639169585
0.5657317593712321
0.5654793837403957
0.5652270368412076
0.5649747184906744
0.5647224285059878
0.5644701667045311
0.5642179329039152
0.5639657269219569
0.5637135485766507
0.5634613976861758
0.5632092740689529
0.5629571775435451
0.5627051079287781
0.5624530650435915
0.5622010487071307
0.5619490587387901
0.5616970949580846
0.561445157184778
0.5611932452387691
0.5609413589401129
0.5606894981091273
0.5604376625662582
0.5601858521321645
0.5599340666276191
0.5596823058736788
0.559430569691429
0.559178857902296
0.558927170327749
0.5586755067894273
0.5584238671092834
0.5581722511092693
0.5579206586116072
0.5576690894386189
0.5574175434128534
0.5571660203570019
0.556914520093855
0.5566630424464449
0.5564115872379602
0.5561601542916748
0.5559087434310896
0.555657354479834
0.5554059872616932
0.5551546416005806
0.5549033173206368
0.5546520142460167
0.5544007322011311
0.5541494710105468
0.5538982304989588
0.5536470104910904
0.5533958108119919
0.5531446312867558
0.5528934717406457
0.5526423319989817
0.5523912118872829
0.5521401112312958
0.5518890298567669
0.5516379675895848
0.551386924255894
0.5511358996818103
0.5508848936937056
0.5506339061180086
0.5503829367813182
0.550131985510319
0.5498810521318092
0.549630136472814
0.5493792383603591
0.5491283576217256
0.5488774940841097
0.5486266475750483
0.5483758179220786
0.5481250049528228
0.547874208495017
0.5476234283767383
0.5473726644258363
0.5471219164705872
0.546871184339011
0.5466204678597251
0.5463697668608916
0.5461190811711845
0.5458684106195051
0.5456177550341863
0.5453671142443568
0.5451164880790884
0.5448658763672256
0.5446152789379539
0.5443646956206294
0.5441141262446081
0.5438635706394166
0.5436130286344678
0.5433625000595157
0.5431119847442574
0.5428614825185036
0.5426109932122358
0.5423605166554353
0.5421100526781402
0.5418596011104455
0.5416091617830716
0.5413587345257156
0.5411083191694388
0.5408579155443931
0.5406075234812988
0.5403571428107625
0.5401067733633909
0.5398564149701315
0.5396060674621594
0.5393557306700814
0.539105404425186
0.5388550885583072
0.5386047829008476
0.5383544872838684
0.5381042015394542
0.5378539254979842
0.5376036589914293
0.5373534018513055
0.5371031539091291
0.5368529149966434
0.5366026849453647
0.5363524635870363
0.536102250753629
0.5358520462773413
0.5356018499901438
0.5353516617228706
0.5351014813090842
0.5348513085800732
0.5346011433675812
0.5343509855056254
0.534100834824585
0.5338506911580225
0.5336005543363171
0.5333504241953051
0.5331003005640014
0.5328501832764232
0.532600072164314
0.5323499670630554
0.5320998678025717
0.5318497742164254
0.5315996861354506
0.5313496033932097
0.5310995258296316
0.5308494532619079
0.530599385536334
0.5303493224819249
0.5300992639295146
0.5298492097172129
0.529599159675854
0.5293491136289958
0.5290990714274812
0.5288490328894113
0.528598997851077
0.5283489661451313
0.5280989376115031
0.5278489120901213
0.5275988893845351
0.5273488693492254
0.5270988518168451
0.5268488366273232
0.5265988236205885
0.5263488125929143
0.5260988033551257
0.5258487957762554
0.5255987897980958
0.5253487851005048
0.5250987815670669
0.5248487789649516
0.5245987772941589
0.5243487767875195
0.52409877628088
0.523848831653595
0.523598775598299
0.5233487486839294
0.523098774254322
0.5228487756103277
0.5225987741723657
0.522348772501573
0.5220987695502117
0.5218487661331892
0.5215987614355981
0.5213487552828155
0.5210987477912568
0.5208487386116758
0.5205987275985535
0.520348714562715
0.5200986993731931
0.5198486818553647
0.519598661820055
0.5193486391071929
0.5190986135858111
0.5188485850485449
0.5185985533425992
0.5183485183115408
0.5180984797734709
0.5178484375610424
0.5175983915232791
0.5173483414819202
0.5170982872659806
0.5168482287135703
0.5165981656591612
0.5163480979354063
0.5160980253713205
0.515847947801376
0.5155978650600446
0.5153477769827077
0.5150976833947425
0.5148475841333493
0.5145974790311811
0.5143473679199815
0.5140972506324033
0.5138471270020091
0.5135969968596328
0.5133468600392916
0.5130967163722744
0.5128465656916887
0.5125964078283687
0.5123462426167862
0.5120960698877752
0.5118458894739888
0.511595701206943
0.5113455049195181
0.5110953004427756
0.5108450876095958
0.5105948662517221
0.510344636200216
0.5100943972877303
0.5098441493453265
0.5095938922052028
0.5093436256984205
0.5090933496571779
0.5088430639123089
0.5085927682960119
0.5083424626383248
0.5080921467715598
0.5078418205265507
0.5075914837345863
0.5073411362265006
0.5070907778333549
0.5068404083860969
0.5065900277153332
0.5063396356521253
0.5060892320271932
0.5058388166706891
0.5055883894134467
0.5053379500860729
0.5050874985184919
0.5048370345411968
0.5045865579843962
0.5043360686781853
0.5040855664524315
0.5038350511371164
0.5035845225621074
0.5033339805571586
0.5030834249519671
0.502832855575889
0.5025822722586781
0.5023316748294633
0.5020810631175436
0.5018304369521616
0.5015797961623889
0.5013291405771838
0.5010784700253907
0.5008277843357405
0.5005770833369638
0.5003263668575073
0.5000756347261017
0.4998248867707389
0.49957412281986535
0.4993233427015582
0.49907254624378083
0.49882173327452506
0.4985709036215269
0.4983200571124371
0.4980691935748496
0.4978183128361877
0.4975674147237612
0.49731649906476605
0.49706556568628457
0.4968146144152854
0.4965636450786235
0.496312657502898
0.4960616515147933
0.4958106269407381
0.4955595836069904
0.49530852133986514
0.4950574399653078
0.4948063393092923
0.4945552191976219
0.4943040794559579
0.49405291990981937
0.49380174038458335
0.49355054070548476
0.4932993206976448
0.4930480801860284
0.49279681899544414
0.4925455369506011
0.4922942338759668
0.4920429095960088
0.4917915639348962
0.49154019671676963
0.491288807765514
0.49103739690492887
0.4907859639586434
0.4905345087501445
0.4902830311027486
0.4900315308396159
0.489780007783736
0.4895284617579705
0.4892768925849822
0.48902530008732015
0.48877368408732025
0.4885220444071763
0.48827038086885466
0.4880186932943076
0.4877669815051604
0.4875152453229248
0.4872634845689703
0.4870116990644533
0.48675988863034547
0.48650805308747636
0.48625619225649075
0.4860043059578487
0.4857523940118256
0.4855004562384906
0.48524849245780644
0.4849965024894658
0.48474448615301213
0.4844924432678255
0.4842403736530443
0.4839882771276507
0.48373615351042076
0.48348400261994584
0.4832318242746396
0.4829796182926813
0.48272738449207253
0.482475122690623
0.48222283270592214
0.48197051435539606
0.48171816745619367
0.4814657918253573
0.481213387279638
0.4809609536356234
0.4807084907096666
0.48045599831795016
0.4802034762763938
0.4799509244007467
0.47969834250651644
0.4794457304089903
0.47919308792326376
0.4789404148641907
0.47868771104641183
0.4784349762843334
0.4781822103921627
0.4779294131838583
0.4776765844731443
0.47742372407355305
0.47717083179835384
0.4769179074605887
0.47666495087307936
0.47641196184839885
0.4761589401988857
0.47590588573664405
0.47565279827354345
0.47539967762119417
0.47514652359098264
0.47489333599404304
0.4746401146412573
0.4743868593432694
0.47413356991045674
0.4738802461529801
0.47362688788071594
0.4733734949032744
0.4731200670300737
0.4728666040701981
0.4726131058325258
0.47235957212564017
0.4721060027578794
0.47185239753732944
0.47159875627177783
0.47134507876876697
0.4710913648355728
0.4708376142791906
0.47058382690633493
0.47033000252346113
0.4700761409367509
0.4698222419520981
0.4695683053751125
0.4693143310111445
0.46906031866522824
0.4688062681421421
0.46855217924637316
0.4682980517821065
0.4680438855532536
0.4677896803634063
0.4675354360159112
0.467281152313781
0.4670268290597299
0.4667724660561987
0.46651806310531185
0.46626362000889543
0.4660091365684593
0.4657546125852221
0.46550004786010035
0.4652454421936767
0.46499079538623533
0.46473610723776204
0.464481377547898
0.4642266061159859
0.46397179274104516
0.4637169372217791
0.4634620393565516
0.4632070989434265
0.4629521157801193
0.46269708966402945
0.46244202039222415
0.4621869077614278
0.46193175156805033
0.4616765516081447
0.4614213076774405
0.4611660195713103
0.4609106870848141
0.4606553100126334
0.4603998881491229
0.4601444212882928
0.45988890922378367
0.45963335174890396
0.45937774865659975
0.4591220997394565
0.4588664047897115
0.4586106635992291
0.4583548759595306
0.458099041661745
0.4578431604966582
0.4575872322546797
0.45733125672584585
0.45707523369982717
0.45681916296590686
0.4565630443130022
0.4563068775296504
0.4560506624039995
0.4557943987238229
0.4555380862765066
0.45528172484903884
0.45502531422803294
0.45476885419969904
0.4545123445498547
0.45425578506393016
0.4539991755269419
0.45374251572351376
0.45348580543786987
0.4532290444538205
0.4529722325547709
0.4527153695237196
0.4524584551432458
0.4522014891955237
0.4519444714623013
0.45168740172491084
0.4514302797642653
0.4511731053608461
0.45091587829472246
0.4506585983455178
0.4504012652924363
0.45014387891424334
0.4498864389892727
0.44962894529541053
0.449371397610113
0.4491137957103941
0.44885613937280766
0.4485984283734705
0.4483406624880537
0.4480828414917619
0.4478249651593531
0.4475670332651269
0.4473090455829185
0.4470510018861056
0.44679290194759247
0.44653474553982075
0.44627653243476484
0.44601826240391595
0.4457599352182937
0.4455015506484443
0.44524310846442816
0.44498460843582066
0.4447260503317132
0.4444674339207042
0.4442087589709107
0.44395002524994176
0.44369123252491605
0.4434323805624558
0.4431734691286726
0.4429144979891788
0.4426554669090761
0.4423963756529563
0.4421372239848944
0.44187801166845464
0.441618738466679
0.44135940414208363
0.44110000845666697
0.4408405511718936
0.44058103204870225
0.44032145084748997
0.44006180732812883
0.439802101249942
0.43954233237171625
0.4392825004516867
0.43902260524754766
0.4387626465164347
0.43850262401493634
0.43824253749907616
0.4379823867243253
0.4377221714455857
0.43746189141719505
0.4372015463929193
0.43694113612595586
0.43668066036892483
0.43642011887386456
0.43615951139223164
0.43589883767490356
0.43563809747216187
0.4353772905337019
0.43511641660861944
0.43485547544541525
0.4345944667919879
0.4343333903956328
0.4340722460030335
0.43381103336026783
0.43354975221279357
0.43328840230545485
0.4330269833824696
0.4327654951874358
0.4325039374633235
0.43224230995246415
0.4319806123965657
0.43171884453668685
0.4314570061132521
0.4311950968660323
0.4309331165341579
0.43067106485610207
0.43040894156968346
0.4301467464120581
0.4298844791197234
0.4296221394285076
0.4293597270735652
0.42909724178938236
0.4288346833097627
0.42857205136783083
0.4283093456960243
0.42804656602609104
0.42778371208908883
0.4275207836153765
0.42725778033461026
0.4269947019757465
0.4267315482670302
0.42646831893599524
0.42620501370945885
0.4259416323135161
0.4256781744735427
0.42541463991418427
0.42515102835935137
0.42488733953222146
0.4246235731552317
0.42435972895007623
0.4240958066376952
0.4238318059382826
0.42356772657127273
0.4233035682553399
0.42303933070839195
0.42277501364756853
0.4225106167892365
0.42224613984898207
0.421981582541612
0.4217169445811444
0.42145222568080865
0.421187425553037
0.42092254390946104
0.4206575804609116
0.42039253491740736
0.420127406988156
0.4198621963815454
0.4195969028051416
0.41933152596568624
0.41906606556908566
0.4188005213204118
0.41853489292389634
0.41826918008292324
0.4180033825000282
0.4177374998768908
0.4174715319143303
0.4172054783123009
0.41693933876988787
0.41667311298530274
0.4164068006558761
0.4161404014780534
0.415873915147392
0.41560734135855526
0.41534067980530454
0.41507393018049843
0.41480709217608513
0.4145401654830989
0.41427314979165075
0.4140060447909315
0.413738850169195
0.41347156561376464
0.41320419081101933
0.41293672544639115
0.4126691692043627
0.41240152176845646
0.41213378282123303
0.411865952044284
0.41159802911822796
0.41133001372270206
0.4110619055363598
0.410793704236863
0.410525409500877
0.41025702100406347
0.4099885384210782
0.40971996142556133
0.4094512896901339
0.40918252288639057
0.408913660684894
0.40864470275517073
0.40837564876570154
0.40810649838391866
0.4078372512761992
0.40756790710785573
0.40729846554313465
0.40702892624520803
0.40675928887616597
0.4064895530970114
0.4062197185676555
0.4059497849469076
0.4056797518924724
0.4054096190609413
0.40513938610778544
0.40486905268735063
0.40459861845285183
0.4043280830563618
0.40405744614880934
0.403786707379969
0.40351586639845705
0.40324492285172275
0.4029738763860429
0.40270272664651197
0.4024314732770391
0.40216011592033607
0.4018886542179181
0.4016170878100851
0.40134541633592713
0.4010736394333063
0.40080175673885665
0.4005297678879738
0.4002576725148079
0.39998547025225495
0.39971316073195107
0.3994407435842655
0.39916821843829076
0.3988955849218352
0.39862284266141623
0.398349991282253
0.39807703040825637
0.39780395966202287
0.39753077866482633
0.39725748703660946
0.39698408439597443
0.3967105703601783
0.39643694454512013
0.39616320656533666
0.39588935603399156
0.39561539256286826
0.3953413157623602
0.3950671252414628
0.394792820607766
0.3945184014674439
0.39424386742524664
0.3939692180844909
0.3936944530470534
0.39341957191335886
0.3931445742823716
0.39286945975158827
0.39259422791702736
0.3923188783732199
0.39204341071320004
0.3917678245284961
0.39149211940912076
0.3912162949435618
0.3909403507187723
0.3906642863201615
0.3903881013315842
0.39011179533533014
0.38983536791211715
0.38955881864107655
0.3892821470997485
0.38900535286406757
0.3887284355083531
0.38845139460530165
0.3881742297259725
0.38789694043978207
0.3876195263144864
0.38734198691617916
0.3870643218092735
0.3867865305564948
0.38650861271886905
0.3862305678557121
0.38595239552461735
0.385674095281447
0.385395666680318
0.3851171092735921
0.38483842261186507
0.3845596062439527
0.38428065971688175
0.38400158257587713
0.3837223743643501
0.38344303462388485
0.3831635628942305
0.3828839587132833
0.38260422161707985
0.38232435113978125
0.38204434681366073
0.3817642081690936
0.381483934734542
0.3812035260365436
0.3809229815996972
0.38064230094665275
0.3803614835980941
0.38008052907272893
0.3797994368872739
0.37951820655644264
0.37923683759293014
0.37895532950740085
0.3786736818084738
0.3783918940027089
0.3781099655945941
0.3778278960865291
0.3775456849788126
0.3772633317696269
0.3769808359550255
0.3766981970289155
0.3764154144830435
0.3761324878069836
0.375849416488118
0.3755662000116252
0.375282837860463
0.3749993295153531
0.3747156744547657
0.37443187215490537
0.3741479220896916
0.3738638237307469
0.37357957654737695
0.3732951800065569
0.3730106335729141
0.3727259367087108
0.37244108887382876
0.37215608952575063
0.37187093811954464
0.3715856341078454
0.37130017694083983
0.3710145660662456
0.37072880092929605
0.3704428809727214
0.3701568056367317
0.3698705743589966
0.3695841865746293
0.36929764171616675
0.36901093921355155
0.3687240784941116
0.36843705898254275
0.36814988010089045
0.36786254126852647
0.36757504190213286
0.3672873814156815
0.36699955922041283
0.36671157472481697
0.3664234273346123
0.36613511645272656
0.36584664147927415
0.3655580018115362
0.3652691968439399
0.36498022596803603
0.36469108857247756
0.3644017840429996
0.364112311762395
0.3638226711104934
0.36353286146413866
0.3632428821971666
0.3629527326803814
0.3626624122815335
0.3623719203652943
0.36208125629323595
0.3617904194238045
0.36149940911229683
0.36120822471083736
0.36091686556835234
0.36062533103054584
0.3603336204398744
0.3600417331355221
0.35974966845337486
0.3594574257259947
0.3591650042825937
0.3588724034490075
0.3585796225476702
0.3582866608975851
0.3579935178142992
0.3577001926098763
0.35740668459286773
0.3571129930682857
0.3568191173375743
0.35652505669858214
0.35623081044553173
0.3559363778689921
0.3556417582558481
0.35534695088927176
0.35505195504869097
0.35475677000976064
0.35446139504433094
0.3541658294204159
0.3538700724021639
0.35357412324982374
0.3532779812197145
0.35298164556419176
0.35268511553161636
0.35238839036631914
0.35209146930857055
0.3517943515945438
0.3514970364562831
0.35119952312166736
0.3509018108143767
0.35060389875385606
0.35030578615528046
0.35000747222951806
0.34970895618309444
0.34941023721815523
0.34911131453242894
0.3488121873191897
0.3485128547672182
0.3482133160607644
0.3479135703795071
0.3476136168985157
0.3473134547882101
0.34701308321432
0.34671250133784365
0.34641170831500834
0.34611070329722693
0.3458094854310566
0.34550805385815553
0.3452064077152406
0.34490454613404276
0.3446024682412634
0.3443001731585292
0.3439976600023478
0.343694927884061
0.3433919759097991
0.3430888031804338
0.3427854087915311
0.3424817918333024
0.3421779513905578
0.34187388654265477
0.3415695963634507
0.3412650799212502
0.3409603362787564
0.34065536449301814
0.34035016361537795
0.34004473269142027
0.33973907076091625
0.33943317685777136
0.33912705000996973
0.33882068923951913
0.3385140935623945
0.33820726198848144
0.33790019352151884
0.3375928871590402
0.3372853418923148
0.3369775567062885
0.33666953057952304
0.33636126248413445
0.33605275138573115
0.3357439962433522
0.335434996009402
0.33512574962958763
0.33481625604285226
0.33450651418131017
0.33419652297017877
0.3338862813277123
0.3335757881651314
0.3332650423865552
0.3329540428889295
0.33264278856195656
0.3323312782880218
0.33201951094212123
0.3317074853917866
0.3313952004970108
0.33108265511017115
0.3307698480759522
0.330456778231267
0.33014344440517907
0.3298298454188206
0.3295159800853111
0.3292018472096754
0.3288874455887594
0.3285727740111448
0.3282578312570641
0.327942616098312
0.3276271272981579
0.32731136361125523
0.3269953237835517
0.3266790065521954
0.3263624106454426
0.32604553478256204
0.3257283776737395
0.32541093801997933
0.32509321451300527
0.3247752058351613
0.32445691065930865
0.32413832764872247
0.32381945545698776
0.32350029272789227
0.32318083809531856
0.322861090183135
0.32254104760508434
0.3222207089646711
0.3219000728550462
0.3215791378588926
0.3212579025483059
0.3209363654846753
0.3206145252185616
0.3202923802895753
0.31996992922624945
0.3196471705459144
0.31932410275456746
0.31900072434674265
0.3186770338053778
0.31835302960167855
0.3180287101949823
0.3177040740326178
0.31737911954976494
0.3170538451693096
0.31672824930169896
0.3164023303447923
0.3160760866837109
0.3157495166906843
0.3154226187248954
0.3150953911323223
0.3147678322455775
0.31443994038374457
0.31411171385221276
0.3137831509425081
0.31345424993212184
0.313125009084337
0.31279542664805
0.31246550085759206
0.312135229932545
0.3118046120775558
0.31147364548214707
0.31114232832052446
0.3108106587513811
0.3104786349176983
0.310146254946543
0.30981351694886206
0.30948041901927237
0.30914695923584745
0.30881313565990076
0.30847894633576456
0.30814438929056587
0.30780946253399677
0.3074741640580826
0.30713849183694436
0.30680244382655797
0.30646601796450834
0.30612921216973954
0.30579202434230035
0.30545445236308477
0.30511649409356834
0.3047781473755387
0.3044394100308224
0.30410027986100563
0.3037607546471495
0.303420832149501
0.3030805101071981
0.30273978623796827
0.3023986582378226
0.30205712378074345
0.3017151805183656
0.3013728260796522
0.3010300580705636
0.3006868740737196
0.3003432716480563
0.299999248328474
0.2996548016254807
0.29930992902482545
0.2989646279871274
0.2986188959474947
0.29827273031513823
0.2979261284729739
0.29757908777722114
0.2972316055569892
0.2968836791138574
0.29653530572144476
0.29618648262497266
0.2958372070408165
0.2954874761560477
0.29513728712796855
0.29478663708363273
0.29443552311936005
0.2940839423002374
0.29373189165960967
0.29337936819856053
0.2930263688853805
0.29267289065502317
0.2923189304085505
0.291964485012564
0.2916095512986245
0.2912541260626576
0.29089820606434624
0.290541788026509
0.29018486863446397
0.2898274445353775
0.2894695123375985
0.28911106860997615
0.2887521098811618
0.28839263263889453
0.2880326333292681
0.2876721083559829
0.28731105407957613
0.28694946681663613
0.2865873428389959
0.2862246783729063
0.28586146959819014
0.2854977126473729
0.28513340360479295
0.28476853850568884
0.28440311333526236
0.28403712402771863
0.28367056646527966
0.2833034364771738
0.2829357298385973
0.2825674422696483
0.2821985694342331
0.2818291069389422
0.28145905033189644
0.2810883951015608
0.2807171366755263
0.28034527041925794
0.27997279163480693
0.2795996955594883
0.27922597736451893
0.2788516321536185
0.2784766549615687
0.27810104075273184
0.2777247844195257
0.27734788078085254
0.27697032458048354
0.2765921104853923
0.27621323308404044
0.27583368688460935
0.27545346631317874
0.2750725657118484
0.2746909793368013
0.27430870135630653
0.27392572584865804
0.2735420468000481
0.27315765810237214
0.2727725535509618
0.2723867268422442
0.2720001715713235
0.2716128812294816
0.2712248492015948
0.27083606876346256
0.270446533079045
0.27005623519760447
0.26966516805074686
0.2692733244493597
0.2688806970804401
0.26848727850380927
0.2680930611487078
0.26769803731026587
0.26730219914584324
0.26690553867123235
0.2665080477567172
0.26610971812298373
0.26571054133687066
0.26531050880695595
0.2649096117789698
0.26450784133102406
0.2641051883686515
0.2637016436196416
0.2632971976286661
0.2628918407516799
0.2624855631500871
0.2620783547846596
0.26167020540919317
0.2612611045638895
0.26085104156844446
0.2604400055148312
0.260027985259756
0.2596149694167709
0.25920094634802154
0.25878590415560915
0.2583698306725428
0.2579527134532585
0.25753453976367535
0.25711529657076404
0.2566949705315922
0.2562735479818168
0.2558510149235841
0.2554273570128019
0.2550025595457378
0.25457660744490007
0.25414948524415126
0.2537211770730003
0.2532916666400141
0.2528609372152862
0.25242897161189193
0.25199575216625497
0.2515612607173426
0.25112547858459866
0.25068838654451675
0.2502499648057425
0.24981019298258808
0.24936905006682547
0.24892651439761493
0.24848256362940777
0.2480371746976475
0.24759032378207138
0.24714198626739647
0.24669213670114598
0.2462407487483468
0.2457877951427952
0.24533324763455228
0.24487707693329033
0.24441925264706074
0.24395974321600197
0.24349851584044202
0.24303553640277514
0.24257076938240918
0.24210417776297774
0.24163572293089872
0.24116536456421897
0.24069306051052602
0.24021876665251618
0.23974243675957735
0.2392640223234741
0.23878347237589137
0.23830073328519807
0.23781574852930434
0.23732845844089992
0.23683879992062462
0.23634670611282696
0.23585210603742945
0.23535492417000461
0.23485507996035632
0.2343524872775916
0.23384705376667406
0.2333386800975371
0.23282725908265692
0.23231267463204713
0.2317948005052076
0.23127349880655484
0.2307486181526097
0.23021999141312133
0.22968743289020283
0.2291507347425651
0.22860966237438607
0.22806394836959473
0.227513284324377
0.2269573095399337
0.2263955948328861
0.22582761836926304
0.2252527276281259
0.2246700751923617
0.22407849927495777
0.2234762663183143
0.22286035496469847
