0.8249753289743754
0.7880284948357716
0.7585007116686728
0.732177721110804
0.7078585423591117
0.6849374042967289
0.6630456800562938
0.6419334297242067
0.6214180377204417
0.6013581245891526
0.5816387540041212
0.5621622793079553
0.5428422136538984
0.523598775598299
0.5043553375427905
0.48503527188864126
0.4655587971924753
0.445839426607443
0.42577951347615706
0.40526412147239066
0.384151871140304
0.36226014689986863
0.3393390088374861
0.315019830085794
0.2886968395279249
0.25916905636082604
0.22222222222222254
