0.8249753289743754
0.7903223074715836
0.7624811819023305
0.7376219245008
0.7146437394039543
0.6929894864148064
0.6723197701401318
0.6524047305888312
0.6330770218781256
0.6142079190234293
0.5956938026733116
0.5774478587077496
0.559394609375147
0.5414660590261064
0.523598775598299
0.5057314921704119
0.4878029418214851
0.46974969248885046
0.45150374852328845
0.4329896321731699
0.4141205293184722
0.39479282060776644
0.3748777810564664
0.35420806478179157
0.3325538117926435
0.30957562669579797
0.28471636929426763
0.25687524372501436
0.22222222222222265
