0.8249753289743754
0.7923368466362146
0.7659855375569109
0.7424194038210585
0.7206240455863263
0.7000843207988903
0.6804859764717803
0.6616162511647954
0.6433205862207614
0.6254806066154521
0.6080016754360749
0.5908052793782659
0.573824056293315
0.5569983509933252
0.5402736850894598
0.523598775598299
0.5069238661071722
0.49019920020327845
0.47337349490327796
0.45639227181833064
0.43919587576052255
0.42171694458114484
0.40387696497583647
0.3855813000318027
0.3667115747248172
0.3471132303977077
0.32657350561027143
0.3047781473755393
0.2812120136396869
0.25486070456038346
0.22222222222222243
