0.8249753289743754
0.7941210958317324
0.7690965104438654
0.7466824258786056
0.7259396486482912
0.7063896722336478
0.6877401254706026
0.6697930250282471
0.6524047305888314
0.6354655490767036
0.6188882055005722
0.6026008017675446
0.5865422411839667
0.5706590907694888
0.5549033173206226
0.539230566239894
0.523598775598299
0.5079669849568518
0.49229423387598104
0.4765384604271077
0.4606553100126316
0.4445967494290537
0.4283093456960252
0.41173200211989425
0.39479282060776644
0.3774045261683505
0.35945742572599515
0.34080787896294995
0.32125790254830644
0.30051512531799207
0.27810104075273245
0.25307645536486545
0.2222222222222222
