0.8249753289743754
0.7957130988812482
0.7718784424453549
0.7504982492055767
0.7306993287013095
0.7120354068297429
0.6942333431874548
0.677108080045558
0.6605254420413513
0.6443831621273195
0.6286001498874438
0.6131099418719099
0.5978564568741191
0.5827911020807122
0.5678707075724461
0.5530559844687275
0.5383103184990432
0.523598775598299
0.5088872326978162
0.4941415667278477
0.47932684362415046
0.4644064491158808
0.4493410943224774
0.4340876093246875
0.418597401309154
0.40281438906927813
0.3866721091552472
0.3700894711510393
0.3529642080091428
0.33516214436685493
0.3164982224952879
0.2966993019910208
0.2753191087512426
0.25148445231534944
