0.8249753289743754
0.7996072274145256
0.7787102726927879
0.759886497117021
0.7424194038210585
0.7259396486482912
0.710219994490309
0.6951060818880266
0.6804859764717803
0.6662745695969001
0.6524047305888316
0.6388219024308959
0.625480606615453
0.6123420757511804
0.5993725860372443
0.5865422411839649
0.5738240562933186
0.5611932452387407
0.5486266475750199
0.536102250753629
0.523598775598299
0.511095300443003
0.4985709036215269
0.4860043059578629
0.4733734949032815
0.4606553100126334
0.4478249651593531
0.43485547544541525
0.4217169445811453
0.408375648765702
0.3947928206077662
0.3809229815996976
0.3667115747248171
0.3520914693085706
0.33697755670628876
0.3212579025483062
0.304778147375539
0.28731105407957647
0.2684872785038096
0.24759032378207177
