0.8249753289743754
0.81385887109906
0.8041620147938215
0.7952017990303419
0.7867575456817659
0.7787102726927879
0.7709843181125564
0.7635269847313174
0.7562993451322508
0.7492714227236232
0.7424194038210585
0.7357239057144501
0.7291688410016148
0.7227406405372887
0.7164277031206454
0.710219994490309
0.7041087480161634
0.6980862366641684
0.6921455961479062
0.6862806856282451
0.6804859764717803
0.6747564623227684
0.6690875856020029
0.6634751768322473
0.6579154040968489
0.6524047305888312
0.6469398786817897
0.6415177993041254
0.6361356456602372
0.6307907505407218
0.6254806066154526
0.62020284922085
0.6149552412441315
0.6097356597794041
0.6045420842875222
0.5993725860372425
0.5942253186418274
0.5890985095348551
0.5839904522531754
0.5788994994144865
0.573824056293315
0.5687625749122773
0.5637135485766507
0.5586755067894273
0.5536470104911189
0.5486266475750483
0.5436130286344678
0.5386047829008476
0.5336005543363171
0.528598997851077
0.523598775598299
0.5185985533462372
0.513596996859178
0.5085927682957845
0.5035845225620506
0.4985709036215553
0.49355054070545634
0.48852204440716207
0.48348400261993874
0.4784349762843263
0.47337349490328506
0.46829805178210293
0.46320709894342293
0.45809904166174675
0.4529722325547709
0.447824965159354
0.4426554669090761
0.43746189141719327
0.43224230995246593
0.4269947019757474
0.4217169445811453
0.4164068006558761
0.41106190553636024
0.40567975189247285
0.4002576725148075
0.39479282060776644
0.3892821470997485
0.3837223743643501
0.3781099655945943
0.37244108887382876
0.36671157472481686
0.36091686556835234
0.3550519550486912
0.3491113145324291
0.3430888031804338
0.3369775567062888
0.33076984807595217
0.3244569106593087
0.31802871019498236
0.3114736454821473
0.3047781473755389
0.2979261284729741
0.2908982060643464
0.2836705664652798
0.2762132330840406
0.2684872785038095
0.26044000551483143
0.2519957521662552
0.2430355364027754
0.23333868009753728
