-1.0
-0.999
-0.998
-0.997
-0.996
-0.995
-0.994
-0.993
-0.992
-0.991
-0.99
-0.989
-0.988
-0.987
-0.986
-0.985
-0.984
-0.983
-0.982
-0.981
-0.98
-0.979
-0.978
-0.977
-0.976
-0.975
-0.974
-0.973
-0.972
-0.971
-0.97
-0.969
-0.968
-0.967
-0.966
-0.965
-0.964
-0.963
-0.962
-0.961
-0.96
-0.959
-0.958
-0.957
-0.956
-0.955
-0.954
-0.953
-0.952
-0.951
-0.95
-0.949
-0.948
-0.947
-0.946
-0.945
-0.944
-0.943
-0.942
-0.941
-0.94
-0.939
-0.938
-0.9369999999999999
-0.9359999999999999
-0.9349999999999999
-0.9339999999999999
-0.9329999999999999
-0.9319999999999999
-0.9309999999999999
-0.9299999999999999
-0.9289999999999999
-0.9279999999999999
-0.9269999999999999
-0.9259999999999999
-0.9249999999999999
-0.9239999999999999
-0.9229999999999999
-0.9219999999999999
-0.9209999999999999
-0.9199999999999999
-0.9189999999999999
-0.9179999999999999
-0.9169999999999999
-0.9159999999999999
-0.9149999999999999
-0.9139999999999999
-0.9129999999999999
-0.9119999999999999
-0.9109999999999999
-0.9099999999999999
-0.9089999999999999
-0.9079999999999999
-0.9069999999999999
-0.9059999999999999
-0.9049999999999999
-0.9039999999999999
-0.9029999999999999
-0.9019999999999999
-0.9009999999999999
-0.8999999999999999
-0.8989999999999999
-0.8979999999999999
-0.8969999999999999
-0.8959999999999999
-0.8949999999999999
-0.8939999999999999
-0.8929999999999999
-0.8919999999999999
-0.8909999999999999
-0.8899999999999999
-0.8889999999999999
-0.8879999999999999
-0.8869999999999999
-0.8859999999999999
-0.8849999999999999
-0.8839999999999999
-0.8829999999999999
-0.8819999999999999
-0.8809999999999999
-0.8799999999999999
-0.8789999999999999
-0.8779999999999999
-0.8769999999999999
-0.8759999999999999
-0.8749999999999999
-0.8739999999999999
-0.8729999999999999
-0.8719999999999999
-0.8709999999999999
-0.8699999999999999
-0.8689999999999999
-0.8679999999999999
-0.8669999999999999
-0.8659999999999999
-0.8649999999999999
-0.8639999999999999
-0.8629999999999999
-0.8619999999999999
-0.8609999999999999
-0.8599999999999999
-0.8589999999999999
-0.8579999999999999
-0.8569999999999999
-0.8559999999999999
-0.8549999999999999
-0.8539999999999999
-0.8529999999999999
-0.8519999999999999
-0.8509999999999999
-0.8499999999999999
-0.8489999999999999
-0.8479999999999999
-0.8469999999999999
-0.8459999999999999
-0.8449999999999999
-0.8439999999999999
-0.8429999999999999
-0.8419999999999999
-0.8409999999999999
-0.8399999999999999
-0.8389999999999999
-0.8379999999999999
-0.8369999999999999
-0.8359999999999999
-0.8349999999999999
-0.8339999999999999
-0.8329999999999999
-0.8319999999999999
-0.8309999999999998
-0.8299999999999998
-0.8289999999999998
-0.8279999999999998
-0.8269999999999998
-0.8259999999999998
-0.8249999999999998
-0.8239999999999998
-0.8229999999999998
-0.8219999999999998
-0.8209999999999998
-0.8199999999999998
-0.8189999999999998
-0.8179999999999998
-0.8169999999999998
-0.8159999999999998
-0.8149999999999998
-0.8139999999999998
-0.8129999999999998
-0.8119999999999998
-0.8109999999999998
-0.8099999999999998
-0.8089999999999998
-0.8079999999999998
-0.8069999999999998
-0.8059999999999998
-0.8049999999999998
-0.8039999999999998
-0.8029999999999998
-0.8019999999999998
-0.8009999999999998
-0.7999999999999998
-0.7989999999999998
-0.7979999999999998
-0.7969999999999998
-0.7959999999999998
-0.7949999999999998
-0.7939999999999998
-0.7929999999999998
-0.7919999999999998
-0.7909999999999998
-0.7899999999999998
-0.7889999999999998
-0.7879999999999998
-0.7869999999999998
-0.7859999999999998
-0.7849999999999998
-0.7839999999999998
-0.7829999999999998
-0.7819999999999998
-0.7809999999999998
-0.7799999999999998
-0.7789999999999998
-0.7779999999999998
-0.7769999999999998
-0.7759999999999998
-0.7749999999999998
-0.7739999999999998
-0.7729999999999998
-0.7719999999999998
-0.7709999999999998
-0.7699999999999998
-0.7689999999999998
-0.7679999999999998
-0.7669999999999998
-0.7659999999999998
-0.7649999999999998
-0.7639999999999998
-0.7629999999999998
-0.7619999999999998
-0.7609999999999998
-0.7599999999999998
-0.7589999999999998
-0.7579999999999998
-0.7569999999999998
-0.7559999999999998
-0.7549999999999998
-0.7539999999999998
-0.7529999999999998
-0.7519999999999998
-0.7509999999999998
-0.7499999999999998
-0.7489999999999998
-0.7479999999999998
-0.7469999999999998
-0.7459999999999998
-0.7449999999999998
-0.7439999999999998
-0.7429999999999998
-0.7419999999999998
-0.7409999999999998
-0.7399999999999998
-0.7389999999999998
-0.7379999999999998
-0.7369999999999998
-0.7359999999999998
-0.7349999999999998
-0.7339999999999998
-0.7329999999999998
-0.7319999999999998
-0.7309999999999998
-0.7299999999999998
-0.7289999999999998
-0.7279999999999998
-0.7269999999999998
-0.7259999999999998
-0.7249999999999998
-0.7239999999999998
-0.7229999999999998
-0.7219999999999998
-0.7209999999999998
-0.7199999999999998
-0.7189999999999998
-0.7179999999999997
-0.7169999999999997
-0.7159999999999997
-0.7149999999999997
-0.7139999999999997
-0.7129999999999997
-0.7119999999999997
-0.7109999999999997
-0.7099999999999997
-0.7089999999999997
-0.7079999999999997
-0.7069999999999997
-0.7059999999999997
-0.7049999999999997
-0.7039999999999997
-0.7029999999999997
-0.7019999999999997
-0.7009999999999997
-0.6999999999999997
-0.6989999999999997
-0.6979999999999997
-0.6969999999999997
-0.6959999999999997
-0.6949999999999997
-0.6939999999999997
-0.6929999999999997
-0.6919999999999997
-0.6909999999999997
-0.6899999999999997
-0.6889999999999997
-0.6879999999999997
-0.6869999999999997
-0.6859999999999997
-0.6849999999999997
-0.6839999999999997
-0.6829999999999997
-0.6819999999999997
-0.6809999999999997
-0.6799999999999997
-0.6789999999999997
-0.6779999999999997
-0.6769999999999997
-0.6759999999999997
-0.6749999999999997
-0.6739999999999997
-0.6729999999999997
-0.6719999999999997
-0.6709999999999997
-0.6699999999999997
-0.6689999999999997
-0.6679999999999997
-0.6669999999999997
-0.6659999999999997
-0.6649999999999997
-0.6639999999999997
-0.6629999999999997
-0.6619999999999997
-0.6609999999999997
-0.6599999999999997
-0.6589999999999997
-0.6579999999999997
-0.6569999999999997
-0.6559999999999997
-0.6549999999999997
-0.6539999999999997
-0.6529999999999997
-0.6519999999999997
-0.6509999999999997
-0.6499999999999997
-0.6489999999999997
-0.6479999999999997
-0.6469999999999997
-0.6459999999999997
-0.6449999999999997
-0.6439999999999997
-0.6429999999999997
-0.6419999999999997
-0.6409999999999997
-0.6399999999999997
-0.6389999999999997
-0.6379999999999997
-0.6369999999999997
-0.6359999999999997
-0.6349999999999997
-0.6339999999999997
-0.6329999999999997
-0.6319999999999997
-0.6309999999999997
-0.6299999999999997
-0.6289999999999997
-0.6279999999999997
-0.6269999999999997
-0.6259999999999997
-0.6249999999999997
-0.6239999999999997
-0.6229999999999997
-0.6219999999999997
-0.6209999999999997
-0.6199999999999997
-0.6189999999999997
-0.6179999999999997
-0.6169999999999997
-0.6159999999999997
-0.6149999999999997
-0.6139999999999997
-0.6129999999999997
-0.6119999999999997
-0.6109999999999997
-0.6099999999999997
-0.6089999999999997
-0.6079999999999997
-0.6069999999999997
-0.6059999999999997
-0.6049999999999996
-0.6039999999999996
-0.6029999999999996
-0.6019999999999996
-0.6009999999999996
-0.5999999999999996
-0.5989999999999996
-0.5979999999999996
-0.5969999999999996
-0.5959999999999996
-0.5949999999999996
-0.5939999999999996
-0.5929999999999996
-0.5919999999999996
-0.5909999999999996
-0.5899999999999996
-0.5889999999999996
-0.5879999999999996
-0.5869999999999996
-0.5859999999999996
-0.5849999999999996
-0.5839999999999996
-0.5829999999999996
-0.5819999999999996
-0.5809999999999996
-0.5799999999999996
-0.5789999999999996
-0.5779999999999996
-0.5769999999999996
-0.5759999999999996
-0.5749999999999996
-0.5739999999999996
-0.5729999999999996
-0.5719999999999996
-0.5709999999999996
-0.5699999999999996
-0.5689999999999996
-0.5679999999999996
-0.5669999999999996
-0.5659999999999996
-0.5649999999999996
-0.5639999999999996
-0.5629999999999996
-0.5619999999999996
-0.5609999999999996
-0.5599999999999996
-0.5589999999999996
-0.5579999999999996
-0.5569999999999996
-0.5559999999999996
-0.5549999999999996
-0.5539999999999996
-0.5529999999999996
-0.5519999999999996
-0.5509999999999996
-0.5499999999999996
-0.5489999999999996
-0.5479999999999996
-0.5469999999999996
-0.5459999999999996
-0.5449999999999996
-0.5439999999999996
-0.5429999999999996
-0.5419999999999996
-0.5409999999999996
-0.5399999999999996
-0.5389999999999996
-0.5379999999999996
-0.5369999999999996
-0.5359999999999996
-0.5349999999999996
-0.5339999999999996
-0.5329999999999996
-0.5319999999999996
-0.5309999999999996
-0.5299999999999996
-0.5289999999999996
-0.5279999999999996
-0.5269999999999996
-0.5259999999999996
-0.5249999999999996
-0.5239999999999996
-0.5229999999999996
-0.5219999999999996
-0.5209999999999996
-0.5199999999999996
-0.5189999999999996
-0.5179999999999996
-0.5169999999999996
-0.5159999999999996
-0.5149999999999996
-0.5139999999999996
-0.5129999999999996
-0.5119999999999996
-0.5109999999999996
-0.5099999999999996
-0.5089999999999996
-0.5079999999999996
-0.5069999999999996
-0.5059999999999996
-0.5049999999999996
-0.5039999999999996
-0.5029999999999996
-0.5019999999999996
-0.5009999999999996
-0.49999999999999956
-0.49899999999999956
-0.49799999999999955
-0.49699999999999955
-0.49599999999999955
-0.49499999999999955
-0.49399999999999955
-0.49299999999999955
-0.49199999999999955
-0.49099999999999955
-0.48999999999999955
-0.48899999999999955
-0.48799999999999955
-0.48699999999999954
-0.48599999999999954
-0.48499999999999954
-0.48399999999999954
-0.48299999999999954
-0.48199999999999954
-0.48099999999999954
-0.47999999999999954
-0.47899999999999954
-0.47799999999999954
-0.47699999999999954
-0.47599999999999953
-0.47499999999999953
-0.47399999999999953
-0.47299999999999953
-0.47199999999999953
-0.47099999999999953
-0.46999999999999953
-0.46899999999999953
-0.4679999999999995
-0.4669999999999995
-0.4659999999999995
-0.4649999999999995
-0.4639999999999995
-0.4629999999999995
-0.4619999999999995
-0.4609999999999995
-0.4599999999999995
-0.4589999999999995
-0.4579999999999995
-0.4569999999999995
-0.4559999999999995
-0.4549999999999995
-0.4539999999999995
-0.4529999999999995
-0.4519999999999995
-0.4509999999999995
-0.4499999999999995
-0.4489999999999995
-0.4479999999999995
-0.4469999999999995
-0.4459999999999995
-0.4449999999999995
-0.4439999999999995
-0.4429999999999995
-0.4419999999999995
-0.4409999999999995
-0.4399999999999995
-0.4389999999999995
-0.4379999999999995
-0.4369999999999995
-0.4359999999999995
-0.4349999999999995
-0.4339999999999995
-0.4329999999999995
-0.4319999999999995
-0.4309999999999995
-0.4299999999999995
-0.4289999999999995
-0.4279999999999995
-0.4269999999999995
-0.4259999999999995
-0.4249999999999995
-0.4239999999999995
-0.4229999999999995
-0.4219999999999995
-0.4209999999999995
-0.4199999999999995
-0.4189999999999995
-0.4179999999999995
-0.4169999999999995
-0.4159999999999995
-0.4149999999999995
-0.4139999999999995
-0.4129999999999995
-0.4119999999999995
-0.4109999999999995
-0.4099999999999995
-0.4089999999999995
-0.4079999999999995
-0.4069999999999995
-0.4059999999999995
-0.40499999999999947
-0.40399999999999947
-0.40299999999999947
-0.40199999999999947
-0.40099999999999947
-0.39999999999999947
-0.39899999999999947
-0.39799999999999947
-0.39699999999999946
-0.39599999999999946
-0.39499999999999946
-0.39399999999999946
-0.39299999999999946
-0.39199999999999946
-0.39099999999999946
-0.38999999999999946
-0.38899999999999946
-0.38799999999999946
-0.38699999999999946
-0.38599999999999945
-0.38499999999999945
-0.38399999999999945
-0.38299999999999945
-0.38199999999999945
-0.38099999999999945
-0.37999999999999945
-0.37899999999999945
-0.37799999999999945
-0.37699999999999945
-0.37599999999999945
-0.37499999999999944
-0.37399999999999944
-0.37299999999999944
-0.37199999999999944
-0.37099999999999944
-0.36999999999999944
-0.36899999999999944
-0.36799999999999944
-0.36699999999999944
-0.36599999999999944
-0.36499999999999944
-0.36399999999999944
-0.36299999999999943
-0.36199999999999943
-0.36099999999999943
-0.35999999999999943
-0.35899999999999943
-0.35799999999999943
-0.35699999999999943
-0.35599999999999943
-0.3549999999999994
-0.3539999999999994
-0.3529999999999994
-0.3519999999999994
-0.3509999999999994
-0.3499999999999994
-0.3489999999999994
-0.3479999999999994
-0.3469999999999994
-0.3459999999999994
-0.3449999999999994
-0.3439999999999994
-0.3429999999999994
-0.3419999999999994
-0.3409999999999994
-0.3399999999999994
-0.3389999999999994
-0.3379999999999994
-0.3369999999999994
-0.3359999999999994
-0.3349999999999994
-0.3339999999999994
-0.3329999999999994
-0.3319999999999994
-0.3309999999999994
-0.3299999999999994
-0.3289999999999994
-0.3279999999999994
-0.3269999999999994
-0.3259999999999994
-0.3249999999999994
-0.3239999999999994
-0.3229999999999994
-0.3219999999999994
-0.3209999999999994
-0.3199999999999994
-0.3189999999999994
-0.3179999999999994
-0.3169999999999994
-0.3159999999999994
-0.3149999999999994
-0.3139999999999994
-0.3129999999999994
-0.3119999999999994
-0.3109999999999994
-0.3099999999999994
-0.3089999999999994
-0.3079999999999994
-0.3069999999999994
-0.3059999999999994
-0.3049999999999994
-0.3039999999999994
-0.3029999999999994
-0.3019999999999994
-0.3009999999999994
-0.2999999999999994
-0.2989999999999994
-0.2979999999999994
-0.2969999999999994
-0.2959999999999994
-0.2949999999999994
-0.2939999999999994
-0.29299999999999937
-0.29199999999999937
-0.29099999999999937
-0.28999999999999937
-0.28899999999999937
-0.28799999999999937
-0.28699999999999937
-0.28599999999999937
-0.28499999999999936
-0.28399999999999936
-0.28299999999999936
-0.28199999999999936
-0.28099999999999936
-0.27999999999999936
-0.27899999999999936
-0.27799999999999936
-0.27699999999999936
-0.27599999999999936
-0.27499999999999936
-0.27399999999999936
-0.27299999999999935
-0.27199999999999935
-0.27099999999999935
-0.26999999999999935
-0.26899999999999935
-0.26799999999999935
-0.26699999999999935
-0.26599999999999935
-0.26499999999999935
-0.26399999999999935
-0.26299999999999935
-0.26199999999999934
-0.26099999999999934
-0.25999999999999934
-0.25899999999999934
-0.25799999999999934
-0.25699999999999934
-0.25599999999999934
-0.25499999999999934
-0.25399999999999934
-0.25299999999999934
-0.25199999999999934
-0.25099999999999933
-0.24999999999999933
-0.24899999999999933
-0.24799999999999933
-0.24699999999999933
-0.24599999999999933
-0.24499999999999933
-0.24399999999999933
-0.24299999999999933
-0.24199999999999933
-0.24099999999999933
-0.23999999999999932
-0.23899999999999932
-0.23799999999999932
-0.23699999999999932
-0.23599999999999932
-0.23499999999999932
-0.23399999999999932
-0.23299999999999932
-0.23199999999999932
-0.23099999999999932
-0.22999999999999932
-0.22899999999999932
-0.22799999999999931
-0.2269999999999993
-0.2259999999999993
-0.2249999999999993
-0.2239999999999993
-0.2229999999999993
-0.2219999999999993
-0.2209999999999993
-0.2199999999999993
-0.2189999999999993
-0.2179999999999993
-0.2169999999999993
-0.2159999999999993
-0.2149999999999993
-0.2139999999999993
-0.2129999999999993
-0.2119999999999993
-0.2109999999999993
-0.2099999999999993
-0.2089999999999993
-0.2079999999999993
-0.2069999999999993
-0.2059999999999993
-0.2049999999999993
-0.2039999999999993
-0.2029999999999993
-0.2019999999999993
-0.2009999999999993
-0.1999999999999993
-0.1989999999999993
-0.1979999999999993
-0.1969999999999993
-0.19599999999999929
-0.19499999999999929
-0.19399999999999928
-0.19299999999999928
-0.19199999999999928
-0.19099999999999928
-0.18999999999999928
-0.18899999999999928
-0.18799999999999928
-0.18699999999999928
-0.18599999999999928
-0.18499999999999928
-0.18399999999999928
-0.18299999999999927
-0.18199999999999927
-0.18099999999999927
-0.17999999999999927
-0.17899999999999927
-0.17799999999999927
-0.17699999999999927
-0.17599999999999927
-0.17499999999999927
-0.17399999999999927
-0.17299999999999927
-0.17199999999999926
-0.17099999999999926
-0.16999999999999926
-0.16899999999999926
-0.16799999999999926
-0.16699999999999926
-0.16599999999999926
-0.16499999999999926
-0.16399999999999926
-0.16299999999999926
-0.16199999999999926
-0.16099999999999925
-0.15999999999999925
-0.15899999999999925
-0.15799999999999925
-0.15699999999999925
-0.15599999999999925
-0.15499999999999925
-0.15399999999999925
-0.15299999999999925
-0.15199999999999925
-0.15099999999999925
-0.14999999999999925
-0.14899999999999924
-0.14799999999999924
-0.14699999999999924
-0.14599999999999924
-0.14499999999999924
-0.14399999999999924
-0.14299999999999924
-0.14199999999999924
-0.14099999999999924
-0.13999999999999924
-0.13899999999999924
-0.13799999999999923
-0.13699999999999923
-0.13599999999999923
-0.13499999999999923
-0.13399999999999923
-0.13299999999999923
-0.13199999999999923
-0.13099999999999923
-0.12999999999999923
-0.12899999999999923
-0.12799999999999923
-0.12699999999999922
-0.12599999999999922
-0.12499999999999922
-0.12399999999999922
-0.12299999999999922
-0.12199999999999922
-0.12099999999999922
-0.11999999999999922
-0.11899999999999922
-0.11799999999999922
-0.11699999999999922
-0.11599999999999921
-0.11499999999999921
-0.11399999999999921
-0.11299999999999921
-0.11199999999999921
-0.11099999999999921
-0.10999999999999921
-0.10899999999999921
-0.10799999999999921
-0.1069999999999992
-0.1059999999999992
-0.1049999999999992
-0.1039999999999992
-0.1029999999999992
-0.1019999999999992
-0.1009999999999992
-0.0999999999999992
-0.0989999999999992
-0.0979999999999992
-0.0969999999999992
-0.0959999999999992
-0.0949999999999992
-0.0939999999999992
-0.0929999999999992
-0.0919999999999992
-0.09099999999999919
-0.08999999999999919
-0.08899999999999919
-0.08799999999999919
-0.08699999999999919
-0.08599999999999919
-0.08499999999999919
-0.08399999999999919
-0.08299999999999919
-0.08199999999999918
-0.08099999999999918
-0.07999999999999918
-0.07899999999999918
-0.07799999999999918
-0.07699999999999918
-0.07599999999999918
-0.07499999999999918
-0.07399999999999918
-0.07299999999999918
-0.07199999999999918
-0.07099999999999917
-0.06999999999999917
-0.06899999999999917
-0.06799999999999917
-0.06699999999999917
-0.06599999999999917
-0.06499999999999917
-0.06399999999999917
-0.06299999999999917
-0.06199999999999917
-0.060999999999999166
-0.059999999999999165
-0.058999999999999164
-0.05799999999999916
-0.05699999999999916
-0.05599999999999916
-0.05499999999999916
-0.05399999999999916
-0.05299999999999916
-0.05199999999999916
-0.05099999999999916
-0.049999999999999156
-0.048999999999999155
-0.047999999999999154
-0.046999999999999154
-0.04599999999999915
-0.04499999999999915
-0.04399999999999915
-0.04299999999999915
-0.04199999999999915
-0.04099999999999915
-0.03999999999999915
-0.038999999999999146
-0.037999999999999146
-0.036999999999999145
-0.035999999999999144
-0.03499999999999914
-0.03399999999999914
-0.03299999999999914
-0.03199999999999914
-0.03099999999999914
-0.02999999999999914
-0.028999999999999138
-0.027999999999999137
-0.026999999999999136
-0.025999999999999135
-0.024999999999999134
-0.023999999999999133
-0.022999999999999132
-0.02199999999999913
-0.02099999999999913
-0.01999999999999913
-0.01899999999999913
-0.017999999999999128
-0.016999999999999127
-0.015999999999999126
-0.014999999999999125
-0.013999999999999124
-0.012999999999999123
-0.011999999999999122
-0.010999999999999122
-0.00999999999999912
-0.00899999999999912
-0.007999999999999119
-0.006999999999999119
-0.005999999999999119
-0.004999999999999119
-0.003999999999999119
-0.002999999999999119
-0.001999999999999119
-0.0009999999999991188
8.81239525796218e-16
0.0010000000000008813
0.0020000000000008813
0.0030000000000008813
0.004000000000000881
0.005000000000000881
0.006000000000000881
0.007000000000000881
0.008000000000000881
0.009000000000000882
0.010000000000000883
0.011000000000000884
0.012000000000000885
0.013000000000000886
0.014000000000000887
0.015000000000000888
0.01600000000000089
0.01700000000000089
0.01800000000000089
0.01900000000000089
0.020000000000000892
0.021000000000000893
0.022000000000000894
0.023000000000000895
0.024000000000000896
0.025000000000000897
0.026000000000000897
0.0270000000000009
0.0280000000000009
0.0290000000000009
0.0300000000000009
0.031000000000000902
0.0320000000000009
0.033000000000000904
0.034000000000000904
0.035000000000000905
0.036000000000000906
0.03700000000000091
0.03800000000000091
0.03900000000000091
0.04000000000000091
0.04100000000000091
0.04200000000000091
0.04300000000000091
0.04400000000000091
0.045000000000000914
0.046000000000000915
0.047000000000000916
0.04800000000000092
0.04900000000000092
0.05000000000000092
0.05100000000000092
0.05200000000000092
0.05300000000000092
0.05400000000000092
0.05500000000000092
0.056000000000000924
0.057000000000000925
0.058000000000000926
0.05900000000000093
0.06000000000000093
0.06100000000000093
0.06200000000000093
0.06300000000000093
0.06400000000000093
0.06500000000000093
0.06600000000000093
0.06700000000000093
0.06800000000000093
0.06900000000000094
0.07000000000000094
0.07100000000000094
0.07200000000000094
0.07300000000000094
0.07400000000000094
0.07500000000000094
0.07600000000000094
0.07700000000000094
0.07800000000000094
0.07900000000000094
0.08000000000000095
0.08100000000000095
0.08200000000000095
0.08300000000000095
0.08400000000000095
0.08500000000000095
0.08600000000000095
0.08700000000000095
0.08800000000000095
0.08900000000000095
0.09000000000000095
0.09100000000000096
0.09200000000000096
0.09300000000000096
0.09400000000000096
0.09500000000000096
0.09600000000000096
0.09700000000000096
0.09800000000000096
0.09900000000000096
0.10000000000000096
0.10100000000000096
0.10200000000000096
0.10300000000000097
0.10400000000000097
0.10500000000000097
0.10600000000000097
0.10700000000000097
0.10800000000000097
0.10900000000000097
0.11000000000000097
0.11100000000000097
0.11200000000000097
0.11300000000000097
0.11400000000000098
0.11500000000000098
0.11600000000000098
0.11700000000000098
0.11800000000000098
0.11900000000000098
0.12000000000000098
0.12100000000000098
0.12200000000000098
0.12300000000000098
0.12400000000000098
0.12500000000000097
0.12600000000000097
0.12700000000000097
0.12800000000000097
0.12900000000000097
0.13000000000000098
0.13100000000000098
0.13200000000000098
0.13300000000000098
0.13400000000000098
0.13500000000000098
0.13600000000000098
0.13700000000000098
0.13800000000000098
0.13900000000000098
0.14000000000000098
0.14100000000000099
0.142000000000001
0.143000000000001
0.144000000000001
0.145000000000001
0.146000000000001
0.147000000000001
0.148000000000001
0.149000000000001
0.150000000000001
0.151000000000001
0.152000000000001
0.153000000000001
0.154000000000001
0.155000000000001
0.156000000000001
0.157000000000001
0.158000000000001
0.159000000000001
0.160000000000001
0.161000000000001
0.162000000000001
0.163000000000001
0.164000000000001
0.165000000000001
0.166000000000001
0.167000000000001
0.168000000000001
0.169000000000001
0.170000000000001
0.171000000000001
0.172000000000001
0.17300000000000101
0.17400000000000101
0.17500000000000102
0.17600000000000102
0.17700000000000102
0.17800000000000102
0.17900000000000102
0.18000000000000102
0.18100000000000102
0.18200000000000102
0.18300000000000102
0.18400000000000102
0.18500000000000102
0.18600000000000103
0.18700000000000103
0.18800000000000103
0.18900000000000103
0.19000000000000103
0.19100000000000103
0.19200000000000103
0.19300000000000103
0.19400000000000103
0.19500000000000103
0.19600000000000103
0.19700000000000104
0.19800000000000104
0.19900000000000104
0.20000000000000104
0.20100000000000104
0.20200000000000104
0.20300000000000104
0.20400000000000104
0.20500000000000104
0.20600000000000104
0.20700000000000104
0.20800000000000105
0.20900000000000105
0.21000000000000105
0.21100000000000105
0.21200000000000105
0.21300000000000105
0.21400000000000105
0.21500000000000105
0.21600000000000105
0.21700000000000105
0.21800000000000105
0.21900000000000105
0.22000000000000106
0.22100000000000106
0.22200000000000106
0.22300000000000106
0.22400000000000106
0.22500000000000106
0.22600000000000106
0.22700000000000106
0.22800000000000106
0.22900000000000106
0.23000000000000106
0.23100000000000107
0.23200000000000107
0.23300000000000107
0.23400000000000107
0.23500000000000107
0.23600000000000107
0.23700000000000107
0.23800000000000107
0.23900000000000107
0.24000000000000107
0.24100000000000107
0.24200000000000108
0.24300000000000108
0.24400000000000108
0.24500000000000108
0.24600000000000108
0.24700000000000108
0.24800000000000108
0.24900000000000108
0.25000000000000105
0.25100000000000106
0.25200000000000106
0.25300000000000106
0.25400000000000106
0.25500000000000106
0.25600000000000106
0.25700000000000106
0.25800000000000106
0.25900000000000106
0.26000000000000106
0.26100000000000106
0.26200000000000107
0.26300000000000107
0.26400000000000107
0.26500000000000107
0.26600000000000107
0.26700000000000107
0.26800000000000107
0.26900000000000107
0.2700000000000011
0.2710000000000011
0.2720000000000011
0.2730000000000011
0.2740000000000011
0.2750000000000011
0.2760000000000011
0.2770000000000011
0.2780000000000011
0.2790000000000011
0.2800000000000011
0.2810000000000011
0.2820000000000011
0.2830000000000011
0.2840000000000011
0.2850000000000011
0.2860000000000011
0.2870000000000011
0.2880000000000011
0.2890000000000011
0.2900000000000011
0.2910000000000011
0.2920000000000011
0.2930000000000011
0.2940000000000011
0.2950000000000011
0.2960000000000011
0.2970000000000011
0.2980000000000011
0.2990000000000011
0.3000000000000011
0.3010000000000011
0.3020000000000011
0.3030000000000011
0.3040000000000011
0.3050000000000011
0.3060000000000011
0.3070000000000011
0.3080000000000011
0.3090000000000011
0.3100000000000011
0.3110000000000011
0.3120000000000011
0.3130000000000011
0.3140000000000011
0.3150000000000011
0.3160000000000011
0.3170000000000011
0.3180000000000011
0.3190000000000011
0.3200000000000011
0.3210000000000011
0.3220000000000011
0.3230000000000011
0.3240000000000011
0.3250000000000011
0.3260000000000011
0.3270000000000011
0.3280000000000011
0.3290000000000011
0.3300000000000011
0.3310000000000011
0.3320000000000011
0.33300000000000113
0.33400000000000113
0.33500000000000113
0.33600000000000113
0.33700000000000113
0.33800000000000113
0.33900000000000113
0.34000000000000113
0.34100000000000114
0.34200000000000114
0.34300000000000114
0.34400000000000114
0.34500000000000114
0.34600000000000114
0.34700000000000114
0.34800000000000114
0.34900000000000114
0.35000000000000114
0.35100000000000114
0.35200000000000115
0.35300000000000115
0.35400000000000115
0.35500000000000115
0.35600000000000115
0.35700000000000115
0.35800000000000115
0.35900000000000115
0.36000000000000115
0.36100000000000115
0.36200000000000115
0.36300000000000116
0.36400000000000116
0.36500000000000116
0.36600000000000116
0.36700000000000116
0.36800000000000116
0.36900000000000116
0.37000000000000116
0.37100000000000116
0.37200000000000116
0.37300000000000116
0.37400000000000116
0.37500000000000117
0.37600000000000117
0.37700000000000117
0.37800000000000117
0.37900000000000117
0.38000000000000117
0.38100000000000117
0.38200000000000117
0.3830000000000012
0.3840000000000012
0.3850000000000012
0.3860000000000012
0.3870000000000012
0.3880000000000012
0.3890000000000012
0.3900000000000012
0.3910000000000012
0.3920000000000012
0.3930000000000012
0.3940000000000012
0.3950000000000012
0.3960000000000012
0.3970000000000012
0.3980000000000012
0.3990000000000012
0.4000000000000012
0.4010000000000012
0.4020000000000012
0.4030000000000012
0.4040000000000012
0.4050000000000012
0.4060000000000012
0.4070000000000012
0.4080000000000012
0.4090000000000012
0.4100000000000012
0.4110000000000012
0.4120000000000012
0.4130000000000012
0.4140000000000012
0.4150000000000012
0.4160000000000012
0.4170000000000012
0.4180000000000012
0.4190000000000012
0.4200000000000012
0.4210000000000012
0.4220000000000012
0.4230000000000012
0.4240000000000012
0.4250000000000012
0.4260000000000012
0.4270000000000012
0.4280000000000012
0.4290000000000012
0.4300000000000012
0.4310000000000012
0.4320000000000012
0.4330000000000012
0.4340000000000012
0.4350000000000012
0.4360000000000012
0.4370000000000012
0.4380000000000012
0.4390000000000012
0.4400000000000012
0.4410000000000012
0.4420000000000012
0.4430000000000012
0.4440000000000012
0.44500000000000123
0.44600000000000123
0.44700000000000123
0.44800000000000123
0.44900000000000123
0.45000000000000123
0.45100000000000123
0.45200000000000123
0.45300000000000124
0.45400000000000124
0.45500000000000124
0.45600000000000124
0.45700000000000124
0.45800000000000124
0.45900000000000124
0.46000000000000124
0.46100000000000124
0.46200000000000124
0.46300000000000124
0.46400000000000124
0.46500000000000125
0.46600000000000125
0.46700000000000125
0.46800000000000125
0.46900000000000125
0.47000000000000125
0.47100000000000125
0.47200000000000125
0.47300000000000125
0.47400000000000125
0.47500000000000125
0.47600000000000126
0.47700000000000126
0.47800000000000126
0.47900000000000126
0.48000000000000126
0.48100000000000126
0.48200000000000126
0.48300000000000126
0.48400000000000126
0.48500000000000126
0.48600000000000126
0.48700000000000127
0.48800000000000127
0.48900000000000127
0.49000000000000127
0.49100000000000127
0.49200000000000127
0.49300000000000127
0.49400000000000127
0.4950000000000013
0.4960000000000013
0.4970000000000013
0.4980000000000013
0.4990000000000013
0.5000000000000012
0.5010000000000012
0.5020000000000012
0.5030000000000012
0.5040000000000012
0.5050000000000012
0.5060000000000012
0.5070000000000012
0.5080000000000012
0.5090000000000012
0.5100000000000012
0.5110000000000012
0.5120000000000012
0.5130000000000012
0.5140000000000012
0.5150000000000012
0.5160000000000012
0.5170000000000012
0.5180000000000012
0.5190000000000012
0.5200000000000012
0.5210000000000012
0.5220000000000012
0.5230000000000012
0.5240000000000012
0.5250000000000012
0.5260000000000012
0.5270000000000012
0.5280000000000012
0.5290000000000012
0.5300000000000012
0.5310000000000012
0.5320000000000012
0.5330000000000013
0.5340000000000013
0.5350000000000013
0.5360000000000013
0.5370000000000013
0.5380000000000013
0.5390000000000013
0.5400000000000013
0.5410000000000013
0.5420000000000013
0.5430000000000013
0.5440000000000013
0.5450000000000013
0.5460000000000013
0.5470000000000013
0.5480000000000013
0.5490000000000013
0.5500000000000013
0.5510000000000013
0.5520000000000013
0.5530000000000013
0.5540000000000013
0.5550000000000013
0.5560000000000013
0.5570000000000013
0.5580000000000013
0.5590000000000013
0.5600000000000013
0.5610000000000013
0.5620000000000013
0.5630000000000013
0.5640000000000013
0.5650000000000013
0.5660000000000013
0.5670000000000013
0.5680000000000013
0.5690000000000013
0.5700000000000013
0.5710000000000013
0.5720000000000013
0.5730000000000013
0.5740000000000013
0.5750000000000013
0.5760000000000013
0.5770000000000013
0.5780000000000013
0.5790000000000013
0.5800000000000013
0.5810000000000013
0.5820000000000013
0.5830000000000013
0.5840000000000013
0.5850000000000013
0.5860000000000013
0.5870000000000013
0.5880000000000013
0.5890000000000013
0.5900000000000013
0.5910000000000013
0.5920000000000013
0.5930000000000013
0.5940000000000013
0.5950000000000013
0.5960000000000013
0.5970000000000013
0.5980000000000013
0.5990000000000013
0.6000000000000013
0.6010000000000013
0.6020000000000013
0.6030000000000013
0.6040000000000013
0.6050000000000013
0.6060000000000013
0.6070000000000013
0.6080000000000013
0.6090000000000013
0.6100000000000013
0.6110000000000013
0.6120000000000013
0.6130000000000013
0.6140000000000013
0.6150000000000013
0.6160000000000013
0.6170000000000013
0.6180000000000013
0.6190000000000013
0.6200000000000013
0.6210000000000013
0.6220000000000013
0.6230000000000013
0.6240000000000013
0.6250000000000013
0.6260000000000013
0.6270000000000013
0.6280000000000013
0.6290000000000013
0.6300000000000013
0.6310000000000013
0.6320000000000013
0.6330000000000013
0.6340000000000013
0.6350000000000013
0.6360000000000013
0.6370000000000013
0.6380000000000013
0.6390000000000013
0.6400000000000013
0.6410000000000013
0.6420000000000013
0.6430000000000013
0.6440000000000013
0.6450000000000014
0.6460000000000014
0.6470000000000014
0.6480000000000014
0.6490000000000014
0.6500000000000014
0.6510000000000014
0.6520000000000014
0.6530000000000014
0.6540000000000014
0.6550000000000014
0.6560000000000014
0.6570000000000014
0.6580000000000014
0.6590000000000014
0.6600000000000014
0.6610000000000014
0.6620000000000014
0.6630000000000014
0.6640000000000014
0.6650000000000014
0.6660000000000014
0.6670000000000014
0.6680000000000014
0.6690000000000014
0.6700000000000014
0.6710000000000014
0.6720000000000014
0.6730000000000014
0.6740000000000014
0.6750000000000014
0.6760000000000014
0.6770000000000014
0.6780000000000014
0.6790000000000014
0.6800000000000014
0.6810000000000014
0.6820000000000014
0.6830000000000014
0.6840000000000014
0.6850000000000014
0.6860000000000014
0.6870000000000014
0.6880000000000014
0.6890000000000014
0.6900000000000014
0.6910000000000014
0.6920000000000014
0.6930000000000014
0.6940000000000014
0.6950000000000014
0.6960000000000014
0.6970000000000014
0.6980000000000014
0.6990000000000014
0.7000000000000014
0.7010000000000014
0.7020000000000014
0.7030000000000014
0.7040000000000014
0.7050000000000014
0.7060000000000014
0.7070000000000014
0.7080000000000014
0.7090000000000014
0.7100000000000014
0.7110000000000014
0.7120000000000014
0.7130000000000014
0.7140000000000014
0.7150000000000014
0.7160000000000014
0.7170000000000014
0.7180000000000014
0.7190000000000014
0.7200000000000014
0.7210000000000014
0.7220000000000014
0.7230000000000014
0.7240000000000014
0.7250000000000014
0.7260000000000014
0.7270000000000014
0.7280000000000014
0.7290000000000014
0.7300000000000014
0.7310000000000014
0.7320000000000014
0.7330000000000014
0.7340000000000014
0.7350000000000014
0.7360000000000014
0.7370000000000014
0.7380000000000014
0.7390000000000014
0.7400000000000014
0.7410000000000014
0.7420000000000014
0.7430000000000014
0.7440000000000014
0.7450000000000014
0.7460000000000014
0.7470000000000014
0.7480000000000014
0.7490000000000014
0.7500000000000014
0.7510000000000014
0.7520000000000014
0.7530000000000014
0.7540000000000014
0.7550000000000014
0.7560000000000014
0.7570000000000014
0.7580000000000015
0.7590000000000015
0.7600000000000015
0.7610000000000015
0.7620000000000015
0.7630000000000015
0.7640000000000015
0.7650000000000015
0.7660000000000015
0.7670000000000015
0.7680000000000015
0.7690000000000015
0.7700000000000015
0.7710000000000015
0.7720000000000015
0.7730000000000015
0.7740000000000015
0.7750000000000015
0.7760000000000015
0.7770000000000015
0.7780000000000015
0.7790000000000015
0.7800000000000015
0.7810000000000015
0.7820000000000015
0.7830000000000015
0.7840000000000015
0.7850000000000015
0.7860000000000015
0.7870000000000015
0.7880000000000015
0.7890000000000015
0.7900000000000015
0.7910000000000015
0.7920000000000015
0.7930000000000015
0.7940000000000015
0.7950000000000015
0.7960000000000015
0.7970000000000015
0.7980000000000015
0.7990000000000015
0.8000000000000015
0.8010000000000015
0.8020000000000015
0.8030000000000015
0.8040000000000015
0.8050000000000015
0.8060000000000015
0.8070000000000015
0.8080000000000015
0.8090000000000015
0.8100000000000015
0.8110000000000015
0.8120000000000015
0.8130000000000015
0.8140000000000015
0.8150000000000015
0.8160000000000015
0.8170000000000015
0.8180000000000015
0.8190000000000015
0.8200000000000015
0.8210000000000015
0.8220000000000015
0.8230000000000015
0.8240000000000015
0.8250000000000015
0.8260000000000015
0.8270000000000015
0.8280000000000015
0.8290000000000015
0.8300000000000015
0.8310000000000015
0.8320000000000015
0.8330000000000015
0.8340000000000015
0.8350000000000015
0.8360000000000015
0.8370000000000015
0.8380000000000015
0.8390000000000015
0.8400000000000015
0.8410000000000015
0.8420000000000015
0.8430000000000015
0.8440000000000015
0.8450000000000015
0.8460000000000015
0.8470000000000015
0.8480000000000015
0.8490000000000015
0.8500000000000015
0.8510000000000015
0.8520000000000015
0.8530000000000015
0.8540000000000015
0.8550000000000015
0.8560000000000015
0.8570000000000015
0.8580000000000015
0.8590000000000015
0.8600000000000015
0.8610000000000015
0.8620000000000015
0.8630000000000015
0.8640000000000015
0.8650000000000015
0.8660000000000015
0.8670000000000015
0.8680000000000015
0.8690000000000015
0.8700000000000015
0.8710000000000016
0.8720000000000016
0.8730000000000016
0.8740000000000016
0.8750000000000016
0.8760000000000016
0.8770000000000016
0.8780000000000016
0.8790000000000016
0.8800000000000016
0.8810000000000016
0.8820000000000016
0.8830000000000016
0.8840000000000016
0.8850000000000016
0.8860000000000016
0.8870000000000016
0.8880000000000016
0.8890000000000016
0.8900000000000016
0.8910000000000016
0.8920000000000016
0.8930000000000016
0.8940000000000016
0.8950000000000016
0.8960000000000016
0.8970000000000016
0.8980000000000016
0.8990000000000016
0.9000000000000016
0.9010000000000016
0.9020000000000016
0.9030000000000016
0.9040000000000016
0.9050000000000016
0.9060000000000016
0.9070000000000016
0.9080000000000016
0.9090000000000016
0.9100000000000016
0.9110000000000016
0.9120000000000016
0.9130000000000016
0.9140000000000016
0.9150000000000016
0.9160000000000016
0.9170000000000016
0.9180000000000016
0.9190000000000016
0.9200000000000016
0.9210000000000016
0.9220000000000016
0.9230000000000016
0.9240000000000016
0.9250000000000016
0.9260000000000016
0.9270000000000016
0.9280000000000016
0.9290000000000016
0.9300000000000016
0.9310000000000016
0.9320000000000016
0.9330000000000016
0.9340000000000016
0.9350000000000016
0.9360000000000016
0.9370000000000016
0.9380000000000016
0.9390000000000016
0.9400000000000016
0.9410000000000016
0.9420000000000016
0.9430000000000016
0.9440000000000016
0.9450000000000016
0.9460000000000016
0.9470000000000016
0.9480000000000016
0.9490000000000016
0.9500000000000016
0.9510000000000016
0.9520000000000016
0.9530000000000016
0.9540000000000016
0.9550000000000016
0.9560000000000016
0.9570000000000016
0.9580000000000016
0.9590000000000016
0.9600000000000016
0.9610000000000016
0.9620000000000016
0.9630000000000016
0.9640000000000016
0.9650000000000016
0.9660000000000016
0.9670000000000016
0.9680000000000016
0.9690000000000016
0.9700000000000016
0.9710000000000016
0.9720000000000016
0.9730000000000016
0.9740000000000016
0.9750000000000016
0.9760000000000016
0.9770000000000016
0.9780000000000016
0.9790000000000016
0.9800000000000016
0.9810000000000016
0.9820000000000016
0.9830000000000017
0.9840000000000017
0.9850000000000017
0.9860000000000017
0.9870000000000017
0.9880000000000017
0.9890000000000017
0.9900000000000017
0.9910000000000017
0.9920000000000017
0.9930000000000017
0.9940000000000017
0.9950000000000017
0.9960000000000017
0.9970000000000017
0.9980000000000017
0.9990000000000017
