-1.0
-0.9230769230769231
-0.8461538461538463
-0.7692307692307694
-0.6923076923076925
-0.6153846153846156
-0.5384615384615388
-0.46153846153846184
-0.3846153846153849
-0.307692307692308
-0.23076923076923106
-0.15384615384615413
-0.0769230769230772
-2.7755575615628914e-16
0.07692307692307665
0.15384615384615358
0.2307692307692305
0.30769230769230743
0.38461538461538436
0.4615384615384613
0.5384615384615382
0.6153846153846152
0.6923076923076921
0.7692307692307689
0.8461538461538458
0.9230769230769227
0.9999999999999996
