-1.0
-0.9285714285714286
-0.8571428571428572
-0.7857142857142858
-0.7142857142857144
-0.642857142857143
-0.5714285714285716
-0.5000000000000002
-0.4285714285714288
-0.35714285714285743
-0.28571428571428603
-0.2142857142857146
-0.14285714285714318
-0.07142857142857176
-3.3306690738754696e-16
0.07142857142857109
0.14285714285714252
0.21428571428571394
0.28571428571428537
0.35714285714285676
0.42857142857142816
0.49999999999999956
0.571428571428571
0.6428571428571423
0.7142857142857137
0.7857142857142851
0.8571428571428565
0.9285714285714279
0.9999999999999993
