-1.0
-0.9333333333333333
-0.8666666666666667
-0.8
-0.7333333333333334
-0.6666666666666667
-0.6000000000000001
-0.5333333333333334
-0.4666666666666668
-0.40000000000000013
-0.3333333333333335
-0.26666666666666683
-0.20000000000000018
-0.13333333333333353
-0.06666666666666686
-1.942890293094024e-16
0.06666666666666647
0.13333333333333314
0.1999999999999998
0.26666666666666644
0.3333333333333331
0.39999999999999974
0.4666666666666664
0.5333333333333331
0.5999999999999998
0.6666666666666664
0.7333333333333331
0.7999999999999997
0.8666666666666664
0.933333333333333
0.9999999999999997
