-1.0
-0.9411764705882353
-0.8823529411764706
-0.8235294117647058
-0.7647058823529411
-0.7058823529411764
-0.6470588235294117
-0.588235294117647
-0.5294117647058822
-0.47058823529411753
-0.4117647058823528
-0.3529411764705881
-0.2941176470588234
-0.23529411764705865
-0.17647058823529393
-0.11764705882352923
-0.058823529411764525
1.8041124150158794e-16
0.058823529411764885
0.11764705882352959
0.1764705882352943
0.235294117647059
0.2941176470588237
0.3529411764705884
0.41176470588235314
0.47058823529411786
0.5294117647058826
0.5882352941176473
0.647058823529412
0.7058823529411767
0.7647058823529415
0.8235294117647062
0.8823529411764709
0.9411764705882356
