-1.0
-0.95
-0.8999999999999999
-0.8499999999999999
-0.7999999999999998
-0.7499999999999998
-0.6999999999999997
-0.6499999999999997
-0.5999999999999996
-0.5499999999999996
-0.4999999999999996
-0.4499999999999996
-0.39999999999999963
-0.34999999999999964
-0.29999999999999966
-0.24999999999999967
-0.19999999999999968
-0.1499999999999997
-0.09999999999999969
-0.049999999999999684
3.191891195797325e-16
0.05000000000000032
0.10000000000000032
0.15000000000000033
0.20000000000000034
0.25000000000000033
0.3000000000000003
0.3500000000000003
0.4000000000000003
0.4500000000000003
0.5000000000000003
0.5500000000000004
0.6000000000000004
0.6500000000000005
0.7000000000000005
0.7500000000000006
0.8000000000000006
0.8500000000000006
0.9000000000000007
0.9500000000000007
